$coord
         14.964343237354          0.548552923080         -2.422966823981     c 
         14.950706020578          0.908167202872          0.434971804091     c 
         13.297838894074          3.117143615580          1.299506602249     c 
         10.468386783613          2.789525234240          0.802920883560     c 
          9.274287025968          0.696870009348          2.395952088343     c 
          6.404133446259          0.485067352279          2.025530019484     c 
          5.471047774872         -1.583900842813          0.184391283967     c 
          6.758504553281         -1.408164033260         -2.407224864315     c 
          6.048610345681         -4.193945237214          1.291821535833     c 
          2.642256013096         -1.177253667253         -0.161217644074     c 
          0.846025064317         -2.923754949304          0.577948716964     c 
         -1.723016220418         -2.444909029280          0.273524224104     c 
         -2.590012428750         -0.146761568097         -0.690297133234     c 
         -5.392231562392          0.402503033291         -0.715395631915     c 
         -6.067158974526          2.837114321048          0.706710429762     c 
         -8.880169444315          3.145970542816          0.924458478569     c 
         -9.748114971748          5.776383457727          1.575289191866     c 
         -8.852793931757          7.478793633145         -0.286641334231     o 
        -10.491973135806          1.272328743765          0.524023172808     c 
         -9.690628782846         -1.384201449465         -0.039137121693     c 
         -6.892193066441         -1.723528456628          0.564618192577     c 
         -5.782635483563         -4.329886591307         -0.061155758142     c 
         -7.189712570536         -6.450825197194          1.308692450544     c 
         -5.686965840705         -4.890293840138         -2.900534327218     c 
         -3.278914493742         -4.387476011813          0.949283734667     o 
         -0.780593845804          1.544411015660         -1.609869389595     c 
         -1.472713347358          3.931928924650         -2.983222938842     c 
          1.769079549622          1.014585082263         -1.319612252089     c 
         16.287526943571         -0.934473041347         -2.948991474789     h 
         13.105448628821          0.017139272903         -3.115996075593     h 
         15.533049337175          2.286731757009         -3.362689556827     h 
         14.326702436156         -0.833442714592          1.346095579819     h 
         16.884490218543          1.268189595391          1.065463814011     h 
         13.584225698333          3.400475178792          3.325900792864     h 
         13.942166925257          4.827967892132          0.337336060730     h 
         10.157382206324          2.424547833389         -1.198001120641     h 
          9.529356445121          4.573736350737          1.256332359577     h 
          9.661148487695          1.110519919542          4.382109556107     h 
         10.179027870121         -1.100645106310          1.968737143679     h 
          5.512298467537          0.097680093637          3.847275582052     h 
          5.691139612938          2.313064610972          1.392574157331     h 
          6.589313424296          0.473098788326         -3.208993000834     h 
          8.751701465325         -1.881486727003         -2.256328864925     h 
          5.879662544726         -2.739419400988         -3.705867952601     h 
          8.078126559651         -4.457330301811          1.476866637598     h 
          5.209798225293         -4.408143391553          3.154817509572     h 
          5.335504040534         -5.674807030891          0.058316285292     h 
          1.337154853067         -4.723367665374          1.388775597458     h 
         -6.050140790052          0.605168495556         -2.671518676096     h 
         -5.218247153840          2.797141158714          2.594137630097     h 
         -5.345494046885          4.501467433382         -0.259052706552     h 
         -8.984311394740          6.304742775661          3.440057557066     h 
        -11.820764223072          5.832259208204          1.678495307397     h 
         -9.448412715320          9.149985281317          0.109246123587     h 
        -12.507756800454          1.598291101523          0.624054242967     h 
        -10.836488556968         -2.682793989670          1.084169963947     h 
        -10.063168616562         -1.797493780887         -2.031139275699     h 
         -6.659310094248         -1.500737507997          2.613990603489     h 
         -9.029864219166         -6.767227855943          0.459322954422     h 
         -7.424187052272         -5.985237638807          3.295418886266     h 
         -6.086880075676         -8.178485305946          1.176316599180     h 
         -4.881479233263         -6.758564441925         -3.193776217184     h 
         -4.505025122794         -3.521413173198         -3.874098419680     h 
         -7.572300665281         -4.851282597020         -3.710179211267     h 
         -0.024691674227          4.369401969644         -4.377843663588     h 
         -3.273567437843          3.757325696461         -3.953766752601     h 
         -1.579542985421          5.525851476213         -1.683660416669     h 
          3.103586453343          2.383229489829         -2.034225828029     h 
$end
