   2424
         62          1         62
         17         63         79
         20         80         99
         12        100        111
         15        112        126
          9        127        135
          7        136        142
          8        143        150
          1        151        151
          6        152        157
          4        158        161
          4        162        165
          5        166        170
          4        171        174
          9        175        183
          2        184        185
          1        186        186
          1        187        187
          7        188        194
         10        195        204
          4        205        208
          6        209        214
          1        215        215
          1        216        216
          6        217        222
         13        223        235
          4        236        239
          2        240        241
          6        242        247
          1        248        248
          2        249        250
          2        251        252
          8        253        260
          4        261        264
          1        265        265
          1        266        266
         12        267        278
          1        279        279
          7        280        286
          3        287        289
          3        290        292
          1        293        293
          1        294        294
          4        295        298
          1        299        299
          2        300        301
          4        302        305
          1        306        306
          2        307        308
          2        309        310
          3        311        313
          1        314        314
          4        315        318
          3        319        321
          1        322        322
          1        323        323
          3        324        326
          1        327        327
          7        328        334
          4        335        338
          2        339        340
          1        341        341
          3        342        344
          4        345        348
          1        349        349
          1        350        350
          1        351        351
          1        352        352
          2        353        354
          1        355        355
          3        356        358
          8        359        366
          5        367        371
          5        372        376
          1        377        377
          6        378        383
          4        384        387
          2        388        389
          1        390        390
         11        391        401
          3        402        404
          2        405        406
          1        407        407
          1        408        408
          4        409        412
          7        413        419
          3        420        422
          2        423        424
         12        425        436
          4        437        440
          4        441        444
          3        445        447
          1        448        448
          2        449        450
          1        451        451
          1        452        452
          2        453        454
         13        455        467
         10        468        477
          2        478        479
          2        480        481
          5        482        486
          3        487        489
          1        490        490
          2        491        492
          1        493        493
          1        494        494
          1        495        495
          5        496        500
          1        501        501
          2        502        503
          6        504        509
          1        510        510
          2        511        512
          1        513        513
          2        514        515
          8        516        523
          1        524        524
          2        525        526
          4        527        530
          3        531        533
          4        534        537
          5        538        542
         11        543        553
          1        554        554
          1        555        555
          3        556        558
          6        559        564
          1        565        565
          5        566        570
          1        571        571
         13        572        584
          1        585        585
          4        586        589
          4        590        593
          1        594        594
          1        595        595
          4        596        599
          1        600        600
          1        601        601
          2        602        603
          3        604        606
          2        607        608
          2        609        610
          3        611        613
          1        614        614
          3        615        617
          1        618        618
          1        619        619
         38        620        657
          5        658        662
         11        663        673
          6        674        679
          3        680        682
          7        683        689
          8        690        697
          1        698        698
          4        699        702
          2        703        704
          1        705        705
          2        706        707
          3        708        710
          5        711        715
          1        716        716
          1        717        717
          4        718        721
          1        722        722
          3        723        725
          1        726        726
          2        727        728
          1        729        729
         12        730        741
          1        742        742
          2        743        744
          2        745        746
         45        747        791
         10        792        801
          1        802        802
         28        803        830
          2        831        832
          6        833        838
          1        839        839
          4        840        843
          1        844        844
          1        845        845
          2        846        847
          2        848        849
          1        850        850
          2        851        852
          1        853        853
          1        854        854
          1        855        855
          9        856        864
          1        865        865
          2        866        867
          3        868        870
          5        871        875
          1        876        876
          3        877        879
          8        880        887
          2        888        889
          1        890        890
          2        891        892
          3        893        895
          1        896        896
          5        897        901
          1        902        902
          9        903        911
          1        912        912
          2        913        914
          3        915        917
          3        918        920
          1        921        921
          7        922        928
          1        929        929
          1        930        930
          6        931        936
          1        937        937
         11        938        948
          1        949        949
          1        950        950
          1        951        951
          1        952        952
          1        953        953
          7        954        960
          5        961        965
          1        966        966
          8        967        974
          6        975        980
          2        981        982
         10        983        992
         16        993       1008
          3       1009       1011
          1       1012       1012
          5       1013       1017
          3       1018       1020
          2       1021       1022
          2       1023       1024
          3       1025       1027
          1       1028       1028
          2       1029       1030
          3       1031       1033
          1       1034       1034
          2       1035       1036
          1       1037       1037
          1       1038       1038
          5       1039       1043
          1       1044       1044
          2       1045       1046
          4       1047       1050
          9       1051       1059
          1       1060       1060
          1       1061       1061
          2       1062       1063
          1       1064       1064
          3       1065       1067
         13       1068       1080
          6       1081       1086
          2       1087       1088
         16       1089       1104
          4       1105       1108
          2       1109       1110
          1       1111       1111
          6       1112       1117
          1       1118       1118
          1       1119       1119
          3       1120       1122
          3       1123       1125
          1       1126       1126
          4       1127       1130
          2       1131       1132
          2       1133       1134
          5       1135       1139
          3       1140       1142
          1       1143       1143
          2       1144       1145
          4       1146       1149
          3       1150       1152
          6       1153       1158
          1       1159       1159
          2       1160       1161
          6       1162       1167
          2       1168       1169
          2       1170       1171
          2       1172       1173
          3       1174       1176
         10       1177       1186
          5       1187       1191
          1       1192       1192
          2       1193       1194
          1       1195       1195
          1       1196       1196
          1       1197       1197
          1       1198       1198
          1       1199       1199
          5       1200       1204
          1       1205       1205
          3       1206       1208
          9       1209       1217
          5       1218       1222
          1       1223       1223
          2       1224       1225
          2       1226       1227
          2       1228       1229
          2       1230       1231
          2       1232       1233
          1       1234       1234
          1       1235       1235
          1       1236       1236
          1       1237       1237
          6       1238       1243
          2       1244       1245
          4       1246       1249
          4       1250       1253
          5       1254       1258
          2       1259       1260
          1       1261       1261
          2       1262       1263
          3       1264       1266
          1       1267       1267
          2       1268       1269
          1       1270       1270
          1       1271       1271
          1       1272       1272
          2       1273       1274
          3       1275       1277
          1       1278       1278
          1       1279       1279
          1       1280       1280
          8       1281       1288
          3       1289       1291
          1       1292       1292
          4       1293       1296
          1       1297       1297
          8       1298       1305
          1       1306       1306
          2       1307       1308
          1       1309       1309
          1       1310       1310
          1       1311       1311
          1       1312       1312
          1       1313       1313
          1       1314       1314
          2       1315       1316
          3       1317       1319
          1       1320       1320
          1       1321       1321
          1       1322       1322
          4       1323       1326
          1       1327       1327
          3       1328       1330
          1       1331       1331
          3       1332       1334
          3       1335       1337
          7       1338       1344
          1       1345       1345
          1       1346       1346
          2       1347       1348
          3       1349       1351
         17       1352       1368
          1       1369       1369
          2       1370       1371
          1       1372       1372
          1       1373       1373
          1       1374       1374
          1       1375       1375
          8       1376       1383
          2       1384       1385
          4       1386       1389
          2       1390       1391
          4       1392       1395
          1       1396       1396
          3       1397       1399
          1       1400       1400
          2       1401       1402
          3       1403       1405
          1       1406       1406
          1       1407       1407
          1       1408       1408
          1       1409       1409
          2       1410       1411
          4       1412       1415
          7       1416       1422
          2       1423       1424
          1       1425       1425
          3       1426       1428
          1       1429       1429
          2       1430       1431
          3       1432       1434
          5       1435       1439
          1       1440       1440
          1       1441       1441
          1       1442       1442
          1       1443       1443
          2       1444       1445
          1       1446       1446
         12       1447       1458
          3       1459       1461
          4       1462       1465
          6       1466       1471
          1       1472       1472
          3       1473       1475
          1       1476       1476
          1       1477       1477
          4       1478       1481
          1       1482       1482
          2       1483       1484
          1       1485       1485
          1       1486       1486
          3       1487       1489
          3       1490       1492
          1       1493       1493
          1       1494       1494
          2       1495       1496
          4       1497       1500
          1       1501       1501
          3       1502       1504
          1       1505       1505
          1       1506       1506
          1       1507       1507
          7       1508       1514
          4       1515       1518
          1       1519       1519
          4       1520       1523
          3       1524       1526
          1       1527       1527
          4       1528       1531
          5       1532       1536
          1       1537       1537
          1       1538       1538
          2       1539       1540
          1       1541       1541
          1       1542       1542
          1       1543       1543
          3       1544       1546
          3       1547       1549
          7       1550       1556
          4       1557       1560
          1       1561       1561
          1       1562       1562
          5       1563       1567
          4       1568       1571
          4       1572       1575
          2       1576       1577
         10       1578       1587
          3       1588       1590
          4       1591       1594
          6       1595       1600
          2       1601       1602
          2       1603       1604
          2       1605       1606
          1       1607       1607
          1       1608       1608
          3       1609       1611
          1       1612       1612
         10       1613       1622
          2       1623       1624
          2       1625       1626
          1       1627       1627
          1       1628       1628
          1       1629       1629
          3       1630       1632
          3       1633       1635
          3       1636       1638
          2       1639       1640
          5       1641       1645
          1       1646       1646
          1       1647       1647
          1       1648       1648
          8       1649       1656
          6       1657       1662
          1       1663       1663
          2       1664       1665
          3       1666       1668
          3       1669       1671
          2       1672       1673
          1       1674       1674
          9       1675       1683
          4       1684       1687
          2       1688       1689
          2       1690       1691
          3       1692       1694
          1       1695       1695
         12       1696       1707
          4       1708       1711
          5       1712       1716
          4       1717       1720
          1       1721       1721
          9       1722       1730
          1       1731       1731
          1       1732       1732
          2       1733       1734
          3       1735       1737
         12       1738       1749
         18       1750       1767
          1       1768       1768
          2       1769       1770
          1       1771       1771
          1       1772       1772
          2       1773       1774
          4       1775       1778
          1       1779       1779
          2       1780       1781
          6       1782       1787
          1       1788       1788
          2       1789       1790
          2       1791       1792
          3       1793       1795
          2       1796       1797
          1       1798       1798
          1       1799       1799
          2       1800       1801
          1       1802       1802
          1       1803       1803
          5       1804       1808
          2       1809       1810
          4       1811       1814
          8       1815       1822
          4       1823       1826
          2       1827       1828
          4       1829       1832
          2       1833       1834
          6       1835       1840
          3       1841       1843
          6       1844       1849
          2       1850       1851
          2       1852       1853
          4       1854       1857
          1       1858       1858
          1       1859       1859
          1       1860       1860
         12       1861       1872
         10       1873       1882
          2       1883       1884
          2       1885       1886
          2       1887       1888
          5       1889       1893
          2       1894       1895
          2       1896       1897
          4       1898       1901
          2       1902       1903
          2       1904       1905
          3       1906       1908
          1       1909       1909
          1       1910       1910
          6       1911       1916
          4       1917       1920
          2       1921       1922
          1       1923       1923
         19       1924       1942
          2       1943       1944
          1       1945       1945
          7       1946       1952
          1       1953       1953
          1       1954       1954
          1       1955       1955
          1       1956       1956
          3       1957       1959
          3       1960       1962
          2       1963       1964
          1       1965       1965
         20       1966       1985
          2       1986       1987
          1       1988       1988
          5       1989       1993
          1       1994       1994
          3       1995       1997
          1       1998       1998
          1       1999       1999
          4       2000       2003
          2       2004       2005
          1       2006       2006
          2       2007       2008
          1       2009       2009
         16       2010       2025
          2       2026       2027
         11       2028       2038
          1       2039       2039
          4       2040       2043
          3       2044       2046
          2       2047       2048
          7       2049       2055
          1       2056       2056
          5       2057       2061
          1       2062       2062
          1       2063       2063
          4       2064       2067
          7       2068       2074
          7       2075       2081
          5       2082       2086
          1       2087       2087
          1       2088       2088
          1       2089       2089
          3       2090       2092
          8       2093       2100
          5       2101       2105
          4       2106       2109
          2       2110       2111
          6       2112       2117
         12       2118       2129
          6       2130       2135
          1       2136       2136
          5       2137       2141
          2       2142       2143
          1       2144       2144
          1       2145       2145
          3       2146       2148
          2       2149       2150
          2       2151       2152
          2       2153       2154
          7       2155       2161
          3       2162       2164
          1       2165       2165
          1       2166       2166
          3       2167       2169
          5       2170       2174
          6       2175       2180
          3       2181       2183
          2       2184       2185
          3       2186       2188
          2       2189       2190
          1       2191       2191
          2       2192       2193
          2       2194       2195
          1       2196       2196
          1       2197       2197
          1       2198       2198
          1       2199       2199
          1       2200       2200
          1       2201       2201
          1       2202       2202
          2       2203       2204
          5       2205       2209
          3       2210       2212
          2       2213       2214
          3       2215       2217
          5       2218       2222
          2       2223       2224
          3       2225       2227
          1       2228       2228
          5       2229       2233
          4       2234       2237
          1       2238       2238
          2       2239       2240
          1       2241       2241
          1       2242       2242
          6       2243       2248
          1       2249       2249
          1       2250       2250
          2       2251       2252
          2       2253       2254
          2       2255       2256
          2       2257       2258
          1       2259       2259
          3       2260       2262
          1       2263       2263
          2       2264       2265
          3       2266       2268
          1       2269       2269
          1       2270       2270
          1       2271       2271
          2       2272       2273
          1       2274       2274
          5       2275       2279
          8       2280       2287
          1       2288       2288
          2       2289       2290
          1       2291       2291
          3       2292       2294
          3       2295       2297
          2       2298       2299
          2       2300       2301
          2       2302       2303
          2       2304       2305
          1       2306       2306
          1       2307       2307
          1       2308       2308
          1       2309       2309
          2       2310       2311
          1       2312       2312
          2       2313       2314
          1       2315       2315
          2       2316       2317
          2       2318       2319
          1       2320       2320
          3       2321       2323
          1       2324       2324
          2       2325       2326
          1       2327       2327
          1       2328       2328
          2       2329       2330
          4       2331       2334
          1       2335       2335
          1       2336       2336
          3       2337       2339
          1       2340       2340
          1       2341       2341
          4       2342       2345
          2       2346       2347
          2       2348       2349
          3       2350       2352
          1       2353       2353
          1       2354       2354
          2       2355       2356
          2       2357       2358
          1       2359       2359
          1       2360       2360
          5       2361       2365
          1       2366       2366
          7       2367       2373
          1       2374       2374
          1       2375       2375
          1       2376       2376
          1       2377       2377
          2       2378       2379
          2       2380       2381
          1       2382       2382
          1       2383       2383
          2       2384       2385
          3       2386       2388
          2       2389       2390
          4       2391       2394
          1       2395       2395
          1       2396       2396
          2       2397       2398
          1       2399       2399
          2       2400       2401
          1       2402       2402
          1       2403       2403
          1       2404       2404
          2       2405       2406
          2       2407       2408
          1       2409       2409
          3       2410       2412
          4       2413       2416
          2       2417       2418
          1       2419       2419
          7       2420       2426
          2       2427       2428
          4       2429       2432
          1       2433       2433
          8       2434       2441
          1       2442       2442
          2       2443       2444
          1       2445       2445
          1       2446       2446
          5       2447       2451
          6       2452       2457
          1       2458       2458
          1       2459       2459
          2       2460       2461
          1       2462       2462
          3       2463       2465
          2       2466       2467
          4       2468       2471
          1       2472       2472
          1       2473       2473
          5       2474       2478
          7       2479       2485
          1       2486       2486
          2       2487       2488
          7       2489       2495
          2       2496       2497
          4       2498       2501
          1       2502       2502
          3       2503       2505
          3       2506       2508
          1       2509       2509
          3       2510       2512
          1       2513       2513
          4       2514       2517
          1       2518       2518
          3       2519       2521
          3       2522       2524
          4       2525       2528
          6       2529       2534
         13       2535       2547
          8       2548       2555
          1       2556       2556
          2       2557       2558
          2       2559       2560
          5       2561       2565
         11       2566       2576
          1       2577       2577
          5       2578       2582
          1       2583       2583
          1       2584       2584
          2       2585       2586
          1       2587       2587
          1       2588       2588
          5       2589       2593
          2       2594       2595
          1       2596       2596
          2       2597       2598
          5       2599       2603
          2       2604       2605
          2       2606       2607
          1       2608       2608
          1       2609       2609
          1       2610       2610
          1       2611       2611
          3       2612       2614
          5       2615       2619
          1       2620       2620
          4       2621       2624
          5       2625       2629
          2       2630       2631
          2       2632       2633
          1       2634       2634
          1       2635       2635
          1       2636       2636
          4       2637       2640
          2       2641       2642
          1       2643       2643
          1       2644       2644
          3       2645       2647
          1       2648       2648
          4       2649       2652
          1       2653       2653
          1       2654       2654
          1       2655       2655
          2       2656       2657
          4       2658       2661
          4       2662       2665
          2       2666       2667
          1       2668       2668
          1       2669       2669
         12       2670       2681
          2       2682       2683
          3       2684       2686
          1       2687       2687
          2       2688       2689
          2       2690       2691
          2       2692       2693
          1       2694       2694
          2       2695       2696
          1       2697       2697
          2       2698       2699
          3       2700       2702
          4       2703       2706
          6       2707       2712
          3       2713       2715
          6       2716       2721
          1       2722       2722
          1       2723       2723
          6       2724       2729
          3       2730       2732
          1       2733       2733
          9       2734       2742
          1       2743       2743
          1       2744       2744
          1       2745       2745
          2       2746       2747
          3       2748       2750
          1       2751       2751
          2       2752       2753
          2       2754       2755
          2       2756       2757
          1       2758       2758
          2       2759       2760
          1       2761       2761
          1       2762       2762
          7       2763       2769
          5       2770       2774
          7       2775       2781
          1       2782       2782
          1       2783       2783
         11       2784       2794
          2       2795       2796
          1       2797       2797
          2       2798       2799
          1       2800       2800
          3       2801       2803
          1       2804       2804
          1       2805       2805
          8       2806       2813
          2       2814       2815
          5       2816       2820
          2       2821       2822
          4       2823       2826
          5       2827       2831
          1       2832       2832
          1       2833       2833
          3       2834       2836
          1       2837       2837
          1       2838       2838
          2       2839       2840
          1       2841       2841
          2       2842       2843
          1       2844       2844
          7       2845       2851
          2       2852       2853
          4       2854       2857
          2       2858       2859
          3       2860       2862
          1       2863       2863
          1       2864       2864
          4       2865       2868
          5       2869       2873
          3       2874       2876
          2       2877       2878
          2       2879       2880
          3       2881       2883
          6       2884       2889
          1       2890       2890
         20       2891       2910
          1       2911       2911
          2       2912       2913
          1       2914       2914
          3       2915       2917
          4       2918       2921
          1       2922       2922
          1       2923       2923
          2       2924       2925
          1       2926       2926
          4       2927       2930
         10       2931       2940
          5       2941       2945
          1       2946       2946
          2       2947       2948
          2       2949       2950
          1       2951       2951
          1       2952       2952
          3       2953       2955
          1       2956       2956
          1       2957       2957
         16       2958       2973
          1       2974       2974
          2       2975       2976
          9       2977       2985
          6       2986       2991
          1       2992       2992
          1       2993       2993
          2       2994       2995
          1       2996       2996
          1       2997       2997
          1       2998       2998
          1       2999       2999
          1       3000       3000
          1       3001       3001
          1       3002       3002
         10       3003       3012
          1       3013       3013
          5       3014       3018
          8       3019       3026
          7       3027       3033
          1       3034       3034
          2       3035       3036
          1       3037       3037
          3       3038       3040
          1       3041       3041
          4       3042       3045
          5       3046       3050
          1       3051       3051
          2       3052       3053
          1       3054       3054
          3       3055       3057
          1       3058       3058
          1       3059       3059
          2       3060       3061
          1       3062       3062
          1       3063       3063
          2       3064       3065
          1       3066       3066
          1       3067       3067
          1       3068       3068
          1       3069       3069
         12       3070       3081
          2       3082       3083
          5       3084       3088
         17       3089       3105
          2       3106       3107
          1       3108       3108
          6       3109       3114
          4       3115       3118
          1       3119       3119
          1       3120       3120
          7       3121       3127
          1       3128       3128
          4       3129       3132
          2       3133       3134
          1       3135       3135
          2       3136       3137
          2       3138       3139
          1       3140       3140
          1       3141       3141
          1       3142       3142
          1       3143       3143
          1       3144       3144
          1       3145       3145
          1       3146       3146
          1       3147       3147
          4       3148       3151
          2       3152       3153
          3       3154       3156
          4       3157       3160
          1       3161       3161
          2       3162       3163
          1       3164       3164
          1       3165       3165
          1       3166       3166
          3       3167       3169
          3       3170       3172
          1       3173       3173
          2       3174       3175
          1       3176       3176
          5       3177       3181
          2       3182       3183
          1       3184       3184
          3       3185       3187
          1       3188       3188
          1       3189       3189
          1       3190       3190
          1       3191       3191
          1       3192       3192
          4       3193       3196
          2       3197       3198
          2       3199       3200
          1       3201       3201
          3       3202       3204
          2       3205       3206
          5       3207       3211
          1       3212       3212
          1       3213       3213
          1       3214       3214
          4       3215       3218
          2       3219       3220
          2       3221       3222
          1       3223       3223
          2       3224       3225
          2       3226       3227
          2       3228       3229
          1       3230       3230
          1       3231       3231
          4       3232       3235
          2       3236       3237
          2       3238       3239
          1       3240       3240
          4       3241       3244
          7       3245       3251
          1       3252       3252
          1       3253       3253
          1       3254       3254
          2       3255       3256
          2       3257       3258
          1       3259       3259
          1       3260       3260
          1       3261       3261
          6       3262       3267
          1       3268       3268
          1       3269       3269
          2       3270       3271
          1       3272       3272
          3       3273       3275
          2       3276       3277
          1       3278       3278
          3       3279       3281
          1       3282       3282
          1       3283       3283
          1       3284       3284
          2       3285       3286
          2       3287       3288
          1       3289       3289
          2       3290       3291
          5       3292       3296
          4       3297       3300
          2       3301       3302
          1       3303       3303
          1       3304       3304
          2       3305       3306
          1       3307       3307
          1       3308       3308
          1       3309       3309
          1       3310       3310
          1       3311       3311
          1       3312       3312
          3       3313       3315
          1       3316       3316
          1       3317       3317
          1       3318       3318
          1       3319       3319
          1       3320       3320
          1       3321       3321
          1       3322       3322
          3       3323       3325
          1       3326       3326
          1       3327       3327
          2       3328       3329
          6       3330       3335
          1       3336       3336
         10       3337       3346
          1       3347       3347
          1       3348       3348
          1       3349       3349
          3       3350       3352
          5       3353       3357
          3       3358       3360
          1       3361       3361
          2       3362       3363
          3       3364       3366
          1       3367       3367
          1       3368       3368
          1       3369       3369
         10       3370       3379
          1       3380       3380
          1       3381       3381
          6       3382       3387
          1       3388       3388
          2       3389       3390
          2       3391       3392
          1       3393       3393
          1       3394       3394
          3       3395       3397
          1       3398       3398
          1       3399       3399
          3       3400       3402
          6       3403       3408
          1       3409       3409
          3       3410       3412
          1       3413       3413
          1       3414       3414
          2       3415       3416
          3       3417       3419
          1       3420       3420
          3       3421       3423
          1       3424       3424
          1       3425       3425
          2       3426       3427
          3       3428       3430
          1       3431       3431
          4       3432       3435
          3       3436       3438
          2       3439       3440
          3       3441       3443
          2       3444       3445
          3       3446       3448
          5       3449       3453
          3       3454       3456
          1       3457       3457
          1       3458       3458
          1       3459       3459
          1       3460       3460
          1       3461       3461
          6       3462       3467
          1       3468       3468
          1       3469       3469
          1       3470       3470
          1       3471       3471
          1       3472       3472
          3       3473       3475
          2       3476       3477
          6       3478       3483
          1       3484       3484
          1       3485       3485
          5       3486       3490
          3       3491       3493
          3       3494       3496
          2       3497       3498
         15       3499       3513
          1       3514       3514
          1       3515       3515
          1       3516       3516
          4       3517       3520
          2       3521       3522
          1       3523       3523
          1       3524       3524
          1       3525       3525
          2       3526       3527
          2       3528       3529
          1       3530       3530
          1       3531       3531
          3       3532       3534
          1       3535       3535
          3       3536       3538
          2       3539       3540
          6       3541       3546
          7       3547       3553
          6       3554       3559
          1       3560       3560
          2       3561       3562
          6       3563       3568
          3       3569       3571
          2       3572       3573
          3       3574       3576
          1       3577       3577
          2       3578       3579
          3       3580       3582
          3       3583       3585
          1       3586       3586
          1       3587       3587
          1       3588       3588
          5       3589       3593
          1       3594       3594
          1       3595       3595
          1       3596       3596
         10       3597       3606
          2       3607       3608
          1       3609       3609
          1       3610       3610
          3       3611       3613
          2       3614       3615
          2       3616       3617
          1       3618       3618
          8       3619       3626
          1       3627       3627
          1       3628       3628
          1       3629       3629
          2       3630       3631
          1       3632       3632
          1       3633       3633
          2       3634       3635
          5       3636       3640
          1       3641       3641
         13       3642       3654
          1       3655       3655
          2       3656       3657
          1       3658       3658
          3       3659       3661
          2       3662       3663
          1       3664       3664
          2       3665       3666
          3       3667       3669
          3       3670       3672
          4       3673       3676
          3       3677       3679
          3       3680       3682
          1       3683       3683
          2       3684       3685
          7       3686       3692
          3       3693       3695
          1       3696       3696
          3       3697       3699
          2       3700       3701
          3       3702       3704
          1       3705       3705
          1       3706       3706
          1       3707       3707
          2       3708       3709
          1       3710       3710
          1       3711       3711
          3       3712       3714
          5       3715       3719
          2       3720       3721
          1       3722       3722
          3       3723       3725
          1       3726       3726
          4       3727       3730
          2       3731       3732
          3       3733       3735
          1       3736       3736
          3       3737       3739
          1       3740       3740
          3       3741       3743
          2       3744       3745
          2       3746       3747
          1       3748       3748
          1       3749       3749
          1       3750       3750
          5       3751       3755
          1       3756       3756
          4       3757       3760
          3       3761       3763
          1       3764       3764
          2       3765       3766
          2       3767       3768
          1       3769       3769
          2       3770       3771
          1       3772       3772
          1       3773       3773
          1       3774       3774
          2       3775       3776
          1       3777       3777
         14       3778       3791
          9       3792       3800
          2       3801       3802
          1       3803       3803
          1       3804       3804
          1       3805       3805
          2       3806       3807
          1       3808       3808
          1       3809       3809
          6       3810       3815
          3       3816       3818
          2       3819       3820
          1       3821       3821
          3       3822       3824
          1       3825       3825
          2       3826       3827
          1       3828       3828
          1       3829       3829
          2       3830       3831
          2       3832       3833
          1       3834       3834
         15       3835       3849
          1       3850       3850
          3       3851       3853
          2       3854       3855
          8       3856       3863
          3       3864       3866
          3       3867       3869
          3       3870       3872
          1       3873       3873
          4       3874       3877
          1       3878       3878
          6       3879       3884
          3       3885       3887
         10       3888       3897
          1       3898       3898
          5       3899       3903
          1       3904       3904
          1       3905       3905
          8       3906       3913
          1       3914       3914
          2       3915       3916
          4       3917       3920
          1       3921       3921
          1       3922       3922
          1       3923       3923
          2       3924       3925
          2       3926       3927
          8       3928       3935
         12       3936       3947
          2       3948       3949
          8       3950       3957
          2       3958       3959
          8       3960       3967
          1       3968       3968
          1       3969       3969
         14       3970       3983
          4       3984       3987
          1       3988       3988
          3       3989       3991
          2       3992       3993
          2       3994       3995
          1       3996       3996
          1       3997       3997
          1       3998       3998
          3       3999       4001
          1       4002       4002
          3       4003       4005
          2       4006       4007
          1       4008       4008
          3       4009       4011
          1       4012       4012
          1       4013       4013
          2       4014       4015
          6       4016       4021
          1       4022       4022
          3       4023       4025
          2       4026       4027
          1       4028       4028
          2       4029       4030
          2       4031       4032
          3       4033       4035
          9       4036       4044
          1       4045       4045
          2       4046       4047
          1       4048       4048
          2       4049       4050
          1       4051       4051
          3       4052       4054
          1       4055       4055
          2       4056       4057
          4       4058       4061
          3       4062       4064
          2       4065       4066
          2       4067       4068
          5       4069       4073
          1       4074       4074
          1       4075       4075
          2       4076       4077
          3       4078       4080
          3       4081       4083
          4       4084       4087
          1       4088       4088
          1       4089       4089
          1       4090       4090
          1       4091       4091
          1       4092       4092
          2       4093       4094
          2       4095       4096
          2       4097       4098
          1       4099       4099
          3       4100       4102
          1       4103       4103
          3       4104       4106
          3       4107       4109
          3       4110       4112
          3       4113       4115
          3       4116       4118
          2       4119       4120
          2       4121       4122
          2       4123       4124
          2       4125       4126
          1       4127       4127
          1       4128       4128
          1       4129       4129
          1       4130       4130
          2       4131       4132
          1       4133       4133
          2       4134       4135
          1       4136       4136
          3       4137       4139
          2       4140       4141
          2       4142       4143
          4       4144       4147
          1       4148       4148
          1       4149       4149
          1       4150       4150
          1       4151       4151
          1       4152       4152
          2       4153       4154
          1       4155       4155
          3       4156       4158
          2       4159       4160
          1       4161       4161
          2       4162       4163
          1       4164       4164
          2       4165       4166
          5       4167       4171
          1       4172       4172
          2       4173       4174
          5       4175       4179
          1       4180       4180
          1       4181       4181
          8       4182       4189
          3       4190       4192
         16       4193       4208
          2       4209       4210
          1       4211       4211
          7       4212       4218
          1       4219       4219
          1       4220       4220
          1       4221       4221
          2       4222       4223
          4       4224       4227
          1       4228       4228
          1       4229       4229
          3       4230       4232
          2       4233       4234
          2       4235       4236
          1       4237       4237
          2       4238       4239
          1       4240       4240
          1       4241       4241
          1       4242       4242
          1       4243       4243
          2       4244       4245
          4       4246       4249
          1       4250       4250
          2       4251       4252
          1       4253       4253
          1       4254       4254
          1       4255       4255
          1       4256       4256
          2       4257       4258
          1       4259       4259
          3       4260       4262
          1       4263       4263
         19       4264       4282
          1       4283       4283
          1       4284       4284
          1       4285       4285
          1       4286       4286
          7       4287       4293
          2       4294       4295
          2       4296       4297
          1       4298       4298
          1       4299       4299
          1       4300       4300
          3       4301       4303
          1       4304       4304
          2       4305       4306
          1       4307       4307
          1       4308       4308
          2       4309       4310
          2       4311       4312
          1       4313       4313
          1       4314       4314
          1       4315       4315
          1       4316       4316
          1       4317       4317
          1       4318       4318
          1       4319       4319
          1       4320       4320
          1       4321       4321
          1       4322       4322
          2       4323       4324
          1       4325       4325
          2       4326       4327
          1       4328       4328
          1       4329       4329
          2       4330       4331
          1       4332       4332
          1       4333       4333
          1       4334       4334
          1       4335       4335
          5       4336       4340
          1       4341       4341
          2       4342       4343
          1       4344       4344
          2       4345       4346
          3       4347       4349
          3       4350       4352
          1       4353       4353
          4       4354       4357
          1       4358       4358
          3       4359       4361
          1       4362       4362
          1       4363       4363
          2       4364       4365
          1       4366       4366
          1       4367       4367
          1       4368       4368
          1       4369       4369
          9       4370       4378
          1       4379       4379
          3       4380       4382
          1       4383       4383
          2       4384       4385
          3       4386       4388
          4       4389       4392
          1       4393       4393
          3       4394       4396
          1       4397       4397
         10       4398       4407
          1       4408       4408
          1       4409       4409
          1       4410       4410
          2       4411       4412
          1       4413       4413
          1       4414       4414
          1       4415       4415
          1       4416       4416
          1       4417       4417
          1       4418       4418
          1       4419       4419
          2       4420       4421
          4       4422       4425
          1       4426       4426
          4       4427       4430
          1       4431       4431
          7       4432       4438
          2       4439       4440
          2       4441       4442
          5       4443       4447
          1       4448       4448
          2       4449       4450
          4       4451       4454
          1       4455       4455
          1       4456       4456
          3       4457       4459
          4       4460       4463
          2       4464       4465
          1       4466       4466
          1       4467       4467
          1       4468       4468
          1       4469       4469
          1       4470       4470
          1       4471       4471
          1       4472       4472
          3       4473       4475
          1       4476       4476
          5       4477       4481
          4       4482       4485
          1       4486       4486
          1       4487       4487
          1       4488       4488
          2       4489       4490
          1       4491       4491
          1       4492       4492
          1       4493       4493
          1       4494       4494
          1       4495       4495
          2       4496       4497
          3       4498       4500
          1       4501       4501
          3       4502       4504
          6       4505       4510
          1       4511       4511
          2       4512       4513
          1       4514       4514
          8       4515       4522
          2       4523       4524
          3       4525       4527
          1       4528       4528
          1       4529       4529
          1       4530       4530
          1       4531       4531
          1       4532       4532
          2       4533       4534
          1       4535       4535
          2       4536       4537
          1       4538       4538
          1       4539       4539
          1       4540       4540
          5       4541       4545
          3       4546       4548
          1       4549       4549
          1       4550       4550
          1       4551       4551
          1       4552       4552
          1       4553       4553
          1       4554       4554
          3       4555       4557
          4       4558       4561
          1       4562       4562
          1       4563       4563
          2       4564       4565
          1       4566       4566
          1       4567       4567
          8       4568       4575
         12       4576       4587
          1       4588       4588
          1       4589       4589
          3       4590       4592
          6       4593       4598
         11       4599       4609
          1       4610       4610
          3       4611       4613
          1       4614       4614
          1       4615       4615
          5       4616       4620
          2       4621       4622
          2       4623       4624
          1       4625       4625
          7       4626       4632
          1       4633       4633
          1       4634       4634
          4       4635       4638
          1       4639       4639
          1       4640       4640
          1       4641       4641
          1       4642       4642
          3       4643       4645
          1       4646       4646
          1       4647       4647
         11       4648       4658
          1       4659       4659
          3       4660       4662
          1       4663       4663
          1       4664       4664
          1       4665       4665
          4       4666       4669
          1       4670       4670
          1       4671       4671
          1       4672       4672
          1       4673       4673
          1       4674       4674
          3       4675       4677
          1       4678       4678
          4       4679       4682
          1       4683       4683
          1       4684       4684
          1       4685       4685
          1       4686       4686
          4       4687       4690
          2       4691       4692
          1       4693       4693
          2       4694       4695
          2       4696       4697
          1       4698       4698
          1       4699       4699
          3       4700       4702
          1       4703       4703
          1       4704       4704
          5       4705       4709
          6       4710       4715
          1       4716       4716
          2       4717       4718
          5       4719       4723
          1       4724       4724
          1       4725       4725
          1       4726       4726
          2       4727       4728
          3       4729       4731
          9       4732       4740
          1       4741       4741
          1       4742       4742
          1       4743       4743
          2       4744       4745
          1       4746       4746
          1       4747       4747
         10       4748       4757
          1       4758       4758
          1       4759       4759
          2       4760       4761
         13       4762       4774
          2       4775       4776
          1       4777       4777
          1       4778       4778
          1       4779       4779
          4       4780       4783
          2       4784       4785
          2       4786       4787
          1       4788       4788
          4       4789       4792
          1       4793       4793
         10       4794       4803
          1       4804       4804
          7       4805       4811
         13       4812       4824
          2       4825       4826
          1       4827       4827
         12       4828       4839
          6       4840       4845
          5       4846       4850
          3       4851       4853
          6       4854       4859
          1       4860       4860
          1       4861       4861
          2       4862       4863
          3       4864       4866
          2       4867       4868
          1       4869       4869
          1       4870       4870
          2       4871       4872
          1       4873       4873
          1       4874       4874
          2       4875       4876
          1       4877       4877
          4       4878       4881
          1       4882       4882
          1       4883       4883
          1       4884       4884
          1       4885       4885
          2       4886       4887
          1       4888       4888
          1       4889       4889
          2       4890       4891
          1       4892       4892
          1       4893       4893
          2       4894       4895
          1       4896       4896
          1       4897       4897
          2       4898       4899
          2       4900       4901
          1       4902       4902
          2       4903       4904
          3       4905       4907
          1       4908       4908
          8       4909       4916
          1       4917       4917
          1       4918       4918
          4       4919       4922
          3       4923       4925
          4       4926       4929
          3       4930       4932
          1       4933       4933
          4       4934       4937
          1       4938       4938
          3       4939       4941
          3       4942       4944
          1       4945       4945
          2       4946       4947
          1       4948       4948
          1       4949       4949
          3       4950       4952
          1       4953       4953
          1       4954       4954
          1       4955       4955
          1       4956       4956
          1       4957       4957
          1       4958       4958
          2       4959       4960
          2       4961       4962
          1       4963       4963
          2       4964       4965
          1       4966       4966
          2       4967       4968
          2       4969       4970
          1       4971       4971
          1       4972       4972
          1       4973       4973
          2       4974       4975
          2       4976       4977
          9       4978       4986
          2       4987       4988
          3       4989       4991
          2       4992       4993
          1       4994       4994
          2       4995       4996
          2       4997       4998
          1       4999       4999
          1       5000       5000
          3       5001       5003
          1       5004       5004
          2       5005       5006
          3       5007       5009
          1       5010       5010
          1       5011       5011
          1       5012       5012
          1       5013       5013
          2       5014       5015
          3       5016       5018
          1       5019       5019
          1       5020       5020
          2       5021       5022
          3       5023       5025
          1       5026       5026
          1       5027       5027
          2       5028       5029
          1       5030       5030
          3       5031       5033
          1       5034       5034
          1       5035       5035
          3       5036       5038
          1       5039       5039
          2       5040       5041
          2       5042       5043
          6       5044       5049
          1       5050       5050
          1       5051       5051
          1       5052       5052
          1       5053       5053
          2       5054       5055
          5       5056       5060
          3       5061       5063
          1       5064       5064
          1       5065       5065
          1       5066       5066
          1       5067       5067
          1       5068       5068
          1       5069       5069
          3       5070       5072
          1       5073       5073
          1       5074       5074
          1       5075       5075
          2       5076       5077
          1       5078       5078
          2       5079       5080
          2       5081       5082
          4       5083       5086
          1       5087       5087
          1       5088       5088
          1       5089       5089
          3       5090       5092
          1       5093       5093
          5       5094       5098
          1       5099       5099
         12       5100       5111
          1       5112       5112
          5       5113       5117
          2       5118       5119
          2       5120       5121
          1       5122       5122
          6       5123       5128
          3       5129       5131
          2       5132       5133
          7       5134       5140
          1       5141       5141
          1       5142       5142
          1       5143       5143
          1       5144       5144
          3       5145       5147
          2       5148       5149
          2       5150       5151
          1       5152       5152
         16       5153       5168
          1       5169       5169
          1       5170       5170
          1       5171       5171
          1       5172       5172
          1       5173       5173
          2       5174       5175
          1       5176       5176
          2       5177       5178
          1       5179       5179
          3       5180       5182
          2       5183       5184
          6       5185       5190
          1       5191       5191
          1       5192       5192
          2       5193       5194
          1       5195       5195
          1       5196       5196
          1       5197       5197
          1       5198       5198
          2       5199       5200
          3       5201       5203
          3       5204       5206
          2       5207       5208
          1       5209       5209
          1       5210       5210
          1       5211       5211
          2       5212       5213
          1       5214       5214
          2       5215       5216
          1       5217       5217
          2       5218       5219
          3       5220       5222
          1       5223       5223
          4       5224       5227
          1       5228       5228
          1       5229       5229
          1       5230       5230
          4       5231       5234
          1       5235       5235
          3       5236       5238
          2       5239       5240
          1       5241       5241
          3       5242       5244
          1       5245       5245
          2       5246       5247
          2       5248       5249
          1       5250       5250
          2       5251       5252
          1       5253       5253
          2       5254       5255
          1       5256       5256
          2       5257       5258
          1       5259       5259
          1       5260       5260
          1       5261       5261
          3       5262       5264
          3       5265       5267
          1       5268       5268
          1       5269       5269
          1       5270       5270
          2       5271       5272
          1       5273       5273
          1       5274       5274
          2       5275       5276
          1       5277       5277
          1       5278       5278
          4       5279       5282
          1       5283       5283
          1       5284       5284
          2       5285       5286
          1       5287       5287
          1       5288       5288
          1       5289       5289
          1       5290       5290
          1       5291       5291
          1       5292       5292
          4       5293       5296
          2       5297       5298
          4       5299       5302
          1       5303       5303
          6       5304       5309
          1       5310       5310
          1       5311       5311
          1       5312       5312
          2       5313       5314
          3       5315       5317
          2       5318       5319
          3       5320       5322
          1       5323       5323
          1       5324       5324
          2       5325       5326
          2       5327       5328
          1       5329       5329
          1       5330       5330
          2       5331       5332
          1       5333       5333
          2       5334       5335
          2       5336       5337
          1       5338       5338
          3       5339       5341
          1       5342       5342
          1       5343       5343
          1       5344       5344
          1       5345       5345
          1       5346       5346
          1       5347       5347
          1       5348       5348
          2       5349       5350
          1       5351       5351
          6       5352       5357
          1       5358       5358
          2       5359       5360
          1       5361       5361
          1       5362       5362
          1       5363       5363
          2       5364       5365
          2       5366       5367
          1       5368       5368
          1       5369       5369
          1       5370       5370
          1       5371       5371
          3       5372       5374
          4       5375       5378
          1       5379       5379
          1       5380       5380
          1       5381       5381
          1       5382       5382
          5       5383       5387
          1       5388       5388
          1       5389       5389
          2       5390       5391
          1       5392       5392
          2       5393       5394
          1       5395       5395
          2       5396       5397
          1       5398       5398
          1       5399       5399
          1       5400       5400
          2       5401       5402
          2       5403       5404
          2       5405       5406
          1       5407       5407
          2       5408       5409
          1       5410       5410
          1       5411       5411
          2       5412       5413
          1       5414       5414
          1       5415       5415
          2       5416       5417
          1       5418       5418
          1       5419       5419
          1       5420       5420
          1       5421       5421
          2       5422       5423
          1       5424       5424
          1       5425       5425
          1       5426       5426
          2       5427       5428
          2       5429       5430
          1       5431       5431
          1       5432       5432
          1       5433       5433
          2       5434       5435
          3       5436       5438
          2       5439       5440
          2       5441       5442
          2       5443       5444
          3       5445       5447
          8       5448       5455
          1       5456       5456
          1       5457       5457
          2       5458       5459
          1       5460       5460
          2       5461       5462
          2       5463       5464
          2       5465       5466
          1       5467       5467
          1       5468       5468
          1       5469       5469
          1       5470       5470
          3       5471       5473
          8       5474       5481
          1       5482       5482
          2       5483       5484
          1       5485       5485
          1       5486       5486
          9       5487       5495
          1       5496       5496
          2       5497       5498
          2       5499       5500
          3       5501       5503
          1       5504       5504
          3       5505       5507
          4       5508       5511
          1       5512       5512
          1       5513       5513
          1       5514       5514
          1       5515       5515
          1       5516       5516
          1       5517       5517
          2       5518       5519
          2       5520       5521
          1       5522       5522
          3       5523       5525
          2       5526       5527
          2       5528       5529
          1       5530       5530
          1       5531       5531
          1       5532       5532
          1       5533       5533
          2       5534       5535
          2       5536       5537
          1       5538       5538
          1       5539       5539
          2       5540       5541
          2       5542       5543
          1       5544       5544
          1       5545       5545
          5       5546       5550
          1       5551       5551
          2       5552       5553
          1       5554       5554
          2       5555       5556
          1       5557       5557
          1       5558       5558
          3       5559       5561
          4       5562       5565
          1       5566       5566
          1       5567       5567
          1       5568       5568
          1       5569       5569
          2       5570       5571
          3       5572       5574
          1       5575       5575
          1       5576       5576
          3       5577       5579
          8       5580       5587
          2       5588       5589
          1       5590       5590
          1       5591       5591
          1       5592       5592
          1       5593       5593
          1       5594       5594
          1       5595       5595
          1       5596       5596
          2       5597       5598
          2       5599       5600
          1       5601       5601
          2       5602       5603
          1       5604       5604
          1       5605       5605
          1       5606       5606
          2       5607       5608
          1       5609       5609
          5       5610       5614
          1       5615       5615
          1       5616       5616
          1       5617       5617
          1       5618       5618
          2       5619       5620
          1       5621       5621
          2       5622       5623
          1       5624       5624
          3       5625       5627
          2       5628       5629
          1       5630       5630
          2       5631       5632
          1       5633       5633
          1       5634       5634
          1       5635       5635
          1       5636       5636
          2       5637       5638
          1       5639       5639
          3       5640       5642
          4       5643       5646
          1       5647       5647
          3       5648       5650
          2       5651       5652
          1       5653       5653
          2       5654       5655
          1       5656       5656
          2       5657       5658
          2       5659       5660
          5       5661       5665
          1       5666       5666
          1       5667       5667
          6       5668       5673
          3       5674       5676
          1       5677       5677
          1       5678       5678
          3       5679       5681
          1       5682       5682
          6       5683       5688
          2       5689       5690
          2       5691       5692
          1       5693       5693
          3       5694       5696
          8       5697       5704
          8       5705       5712
          2       5713       5714
          1       5715       5715
          1       5716       5716
          1       5717       5717
          3       5718       5720
          2       5721       5722
          1       5723       5723
          1       5724       5724
          5       5725       5729
          3       5730       5732
          2       5733       5734
          1       5735       5735
          2       5736       5737
          2       5738       5739
          1       5740       5740
          1       5741       5741
          1       5742       5742
          1       5743       5743
          1       5744       5744
          1       5745       5745
          2       5746       5747
          1       5748       5748
          1       5749       5749
          1       5750       5750
          3       5751       5753
          1       5754       5754
          1       5755       5755
          2       5756       5757
          1       5758       5758
          3       5759       5761
          1       5762       5762
          1       5763       5763
          1       5764       5764
          5       5765       5769
          1       5770       5770
          3       5771       5773
          2       5774       5775
          1       5776       5776
          3       5777       5779
          3       5780       5782
          1       5783       5783
          1       5784       5784
          1       5785       5785
          2       5786       5787
          3       5788       5790
          2       5791       5792
          2       5793       5794
          3       5795       5797
          1       5798       5798
          1       5799       5799
          1       5800       5800
          4       5801       5804
          1       5805       5805
          2       5806       5807
          1       5808       5808
          2       5809       5810
          1       5811       5811
          3       5812       5814
          1       5815       5815
          1       5816       5816
          3       5817       5819
          2       5820       5821
          1       5822       5822
          1       5823       5823
          1       5824       5824
          1       5825       5825
          1       5826       5826
          1       5827       5827
          3       5828       5830
          1       5831       5831
          2       5832       5833
          1       5834       5834
          1       5835       5835
          1       5836       5836
          2       5837       5838
          1       5839       5839
          1       5840       5840
          9       5841       5849
          1       5850       5850
          2       5851       5852
          2       5853       5854
          1       5855       5855
          1       5856       5856
          1       5857       5857
          1       5858       5858
          1       5859       5859
          1       5860       5860
          2       5861       5862
          1       5863       5863
          1       5864       5864
         12       5865       5876
          2       5877       5878
          2       5879       5880
          1       5881       5881
          2       5882       5883
          1       5884       5884
          1       5885       5885
          3       5886       5888
          2       5889       5890
          2       5891       5892
          3       5893       5895
          1       5896       5896
          2       5897       5898
          1       5899       5899
          6       5900       5905
          1       5906       5906
          2       5907       5908
          2       5909       5910
          1       5911       5911
          1       5912       5912
          6       5913       5918
          1       5919       5919
          1       5920       5920
          5       5921       5925
          1       5926       5926
          1       5927       5927
          3       5928       5930
          1       5931       5931
          1       5932       5932
          1       5933       5933
          1       5934       5934
          1       5935       5935
          1       5936       5936
          1       5937       5937
          2       5938       5939
          1       5940       5940
          1       5941       5941
          4       5942       5945
          1       5946       5946
          2       5947       5948
          2       5949       5950
          2       5951       5952
          2       5953       5954
          1       5955       5955
          1       5956       5956
          7       5957       5963
          1       5964       5964
          1       5965       5965
          1       5966       5966
          1       5967       5967
          1       5968       5968
          1       5969       5969
          3       5970       5972
          1       5973       5973
          3       5974       5976
          1       5977       5977
          2       5978       5979
          1       5980       5980
          2       5981       5982
          1       5983       5983
          2       5984       5985
          1       5986       5986
          1       5987       5987
          1       5988       5988
          1       5989       5989
          1       5990       5990
          1       5991       5991
          1       5992       5992
          1       5993       5993
          3       5994       5996
          5       5997       6001
          3       6002       6004
          3       6005       6007
          1       6008       6008
          2       6009       6010
          1       6011       6011
          1       6012       6012
          1       6013       6013
          1       6014       6014
          1       6015       6015
          2       6016       6017
          1       6018       6018
          2       6019       6020
          3       6021       6023
          1       6024       6024
          1       6025       6025
          1       6026       6026
          1       6027       6027
          1       6028       6028
          4       6029       6032
          2       6033       6034
          1       6035       6035
          2       6036       6037
          1       6038       6038
          1       6039       6039
          2       6040       6041
          2       6042       6043
          1       6044       6044
          1       6045       6045
          2       6046       6047
          1       6048       6048
          2       6049       6050
          2       6051       6052
          1       6053       6053
          1       6054       6054
          1       6055       6055
          1       6056       6056
          2       6057       6058
          2       6059       6060
          1       6061       6061
          2       6062       6063
          1       6064       6064
          1       6065       6065
          1       6066       6066
          2       6067       6068
          1       6069       6069
          1       6070       6070
          1       6071       6071
          1       6072       6072
          1       6073       6073
          2       6074       6075
          1       6076       6076
          3       6077       6079
          8       6080       6087
          3       6088       6090
          1       6091       6091
          1       6092       6092
          2       6093       6094
          1       6095       6095
          1       6096       6096
          1       6097       6097
          1       6098       6098
          1       6099       6099
          2       6100       6101
          1       6102       6102
          2       6103       6104
          1       6105       6105
          1       6106       6106
          1       6107       6107
          1       6108       6108
          1       6109       6109
          1       6110       6110
          1       6111       6111
          1       6112       6112
          4       6113       6116
          3       6117       6119
          3       6120       6122
          5       6123       6127
          2       6128       6129
          1       6130       6130
          1       6131       6131
          1       6132       6132
          1       6133       6133
          2       6134       6135
          3       6136       6138
          3       6139       6141
          1       6142       6142
          1       6143       6143
          1       6144       6144
          2       6145       6146
          1       6147       6147
          1       6148       6148
          1       6149       6149
          2       6150       6151
          2       6152       6153
          1       6154       6154
          3       6155       6157
          1       6158       6158
          2       6159       6160
          2       6161       6162
          1       6163       6163
          1       6164       6164
          1       6165       6165
          1       6166       6166
          4       6167       6170
          1       6171       6171
