           2           1   1.0249417251339867     
           3           1   2.8288973617811063E-003
           3           2   1.0113521507821241     
           4           1   3.8696651865767094E-003
           4           3   1.0096418768488225     
           5           2   4.2969783586563797E-003
           5           3   2.7024753634488858E-003
           5           4   1.0139210049583531     
           6           3   1.2275344561535348E-002
           6           4   3.3455977611577259E-003
           6           5   1.0058148602947283     
           7           6  0.97994373192935691     
           8           4   3.2002834970681162E-003
           8           5   2.8604379210644859E-003
           8           7  0.99689693779491262     
           9           5   6.2743177732411254E-003
           9           6   2.8127459498285077E-003
           9           7   1.0083060795936787     
           9           8   3.3625762843724465E-003
          10           5   9.7701211762791871E-003
          10           6   3.9777040992066250E-003
          10           7  0.98611303623769853     
          10           8   2.9435083546773839E-003
          11           6   1.0023823280956280E-002
          11           7   4.6048816607787086E-003
          11           8   1.0688299254133934E-002
          11           9   6.3980789720414948E-003
          11          10   1.4358897150064287     
          12           7   1.2026919458371641E-002
          12          10   3.1845713543787344E-003
          12          11   1.3462676791699917     
          13           6   3.4167420586077263E-003
          13           8   2.8863237495083583E-003
          13          10   9.6530207805519130E-002
          13          11   6.5577312517156056E-003
          13          12   1.3335197292923011     
          14          11   1.0511935990659742E-002
          14          12   4.6830779179437912E-003
          14          13  0.99405763401273117     
          15          10   3.4594920740716188E-003
          15          12   1.0471181694915012E-002
          15          13   2.2272409170028054E-003
          15          14  0.98483964667252066     
          16          13   9.4488083746005081E-003
          16          15   1.0046216490946220     
          17          14   9.4777294639365236E-003
          17          15   4.5940139363584726E-003
          17          16   1.0053471772354081     
          18          15   2.5098477186236050E-003
          18          16   6.0740282049437924E-003
          18          17  0.98181346752304366     
          19          14   4.5198953555684726E-003
          19          15   7.6706625752019555E-003
          19          16   1.8986524595720400     
          19          17   6.9347282589908880E-003
          19          18   2.1614689064078759E-002
          20          13   8.9030342872252893E-003
          20          14   2.1973972509468061E-003
          20          15   3.5528965061133824E-003
          20          16   7.0480017113836793E-003
          20          17   1.8881128848377858E-002
          20          19   1.0129190303488369     
          21          12   4.2271795341456402E-003
          21          13   2.0462901883612329E-003
          21          14  0.98446438185895768     
          21          15   2.9514740857438213E-003
          21          16   4.3938926886074106E-003
          21          20  0.99768321547000138     
          22          11   1.2064558079914085E-002
          22          12   3.6119096315281912E-003
          22          13   4.3219359652409443E-003
          22          15   9.5143709046608977E-003
          22          19   1.0545307859149373E-002
          22          21  0.97724355539625773     
          23          12   1.1157958692576773E-002
          23          14   1.0488517772938955E-002
          23          20   2.6245855330814978E-003
          23          21   3.0011911084452062E-003
          23          22   1.0021320272496601     
          24          12   2.9068626617152604E-003
          24          13   2.3836201003400461E-003
          24          14   2.7130926491808834E-003
          24          20   3.6095596227352076E-003
          24          21   2.4779262351615166E-003
          24          22  0.99839822829712932     
          24          23   3.7045116184615582E-003
          25          10   1.3329314248330131E-002
          25          11   4.8882427170949358E-002
          25          12   1.0975531126692124     
          25          13   6.2811944781229478E-002
          25          14   4.5083147280104222E-003
          25          20   1.2403957953169216E-002
          25          21   1.3705551952896867E-002
          25          22  0.94255671252602935     
          25          23   5.6716238422275496E-003
          25          24   1.4912307051335033E-002
          26           7   1.1344919566217731E-002
          26          10   2.4916776965946924E-003
          26          11   9.5089665705277493E-002
          26          12   5.0367267752117603E-003
          26          13   1.3927391117362256     
          26          14   4.6108271004904220E-003
          26          15   7.1154153700946276E-003
          26          21   8.1986358301545936E-003
          26          25   1.4457379784873433E-002
          27          10   1.1682182193646020E-002
          27          12   1.1060006723957747E-002
          27          13   6.0310059831040165E-003
          27          14   4.7210215441928893E-003
          27          15   6.2490890069898421E-003
          27          25   2.6450191706253951E-003
          27          26   1.0166514000922251     
          28           6   9.9079332060119409E-003
          28           7   3.8884389268286422E-003
          28           8   9.5730102919799297E-003
          28           9   7.5153085181218588E-003
          28          10   1.3895597372314568     
          28          11   6.7056337531020008E-003
          28          12   8.6365239458929446E-002
          28          13   6.1752687126326910E-003
          28          14   1.0985595092347832E-002
          28          25   3.0534437877762929E-002
          28          26   1.4169478743984485     
          28          27   6.4509252939990661E-003
          29           1  0.98318223784698977     
          29           3   1.1392391495410466E-002
          30           1  0.97942165029780126     
          31           1  0.98186381763099706     
          32           2  0.97510321533752431     
          32          31   1.0395267255158169E-002
          33           2  0.97894401792870289     
          33           4   1.0820827591562323E-002
          33          30   1.0732509248048593E-002
          33          32   2.2795276517467281E-003
          34           1   1.0697205516504740E-002
          34           3  0.97694294310921304     
          35           3  0.97709625121099575     
          35           5   1.0416198151949711E-002
          35          32   9.6571948807390867E-003
          36           4  0.97315514611782095     
          36          34   9.5428537627308702E-003
          37           2   1.0747339741275676E-002
          37           4  0.97650229572859859     
          37          36   2.4909818688241174E-003
          38           5  0.97723447708930300     
          38           7   7.3944363931346480E-003
          38          36   9.7065453787910684E-003
          39           5  0.96770205648261676     
          39          37   9.5086422206717616E-003
          39          38   3.1009446636201072E-003
          40           4   7.1629095746708702E-003
          40           6  0.97534835279104870     
          40           8   9.0577902619207278E-003
          41           6  0.97049962737372164     
          41           9   8.6003616554798015E-003
          41          39   6.4000140278296855E-003
          41          40   2.4814653126368218E-003
          42           8  0.97749147331694375     
          42           9   9.5196095745122868E-003
          43           8  0.97892700142509648     
          43          10   8.7508184248201951E-003
          44           6   9.8285001438931686E-003
          44           8  0.97903327364749471     
          45           9  0.97424400682192269     
          45          10   9.3275192117328199E-003
          45          39   2.3962060574438272E-003
          46           8   9.4145458294110900E-003
          46           9  0.97959764927642401     
          47           6   9.7697769704349485E-003
          47           9  0.97997405892858080     
          48          11  0.96297107805966831     
          48          13   8.6963904055436855E-003
          48          25   5.7759721465521921E-003
          48          28   1.0194284617205894E-002
          49          10   2.9126572247742772E-003
          49          12   6.9728496133832051E-003
          49          14  0.95996887176045764     
          49          26   4.4997789480297279E-003
          50          15  0.95918613712433143     
          50          19   2.0111795972604464E-002
          50          49   8.3571600225950497E-003
          51          15  0.96028842877076437     
          51          18   1.1431677736266977E-002
          51          19   1.4669809969932389E-002
          51          21   9.8532944453523577E-003
          51          50   2.7647740021495260E-003
          52          17  0.96386526579145226     
          52          18   1.7255343673971774E-002
          52          19   1.7526361387674425E-002
          53          15   8.3921262817757761E-003
          53          17  0.97136463239541537     
          53          18   1.7488208199095825E-002
          54          16   8.5886960827909874E-003
          54          18  0.98436566857449803     
          55          15   1.6053986175253717E-002
          55          19  0.96771328489190733     
          55          21   9.2002995079067951E-003
          56          14   1.0032323071723779E-002
          56          16   1.5718310613068630E-002
          56          20  0.96642513771106275     
          57          16   2.0973142265453472E-002
          57          20  0.95689919847433069     
          57          56   2.5290041864963935E-003
          58          21  0.96525005220653537     
          58          24   8.6181739590566603E-003
          58          25   5.2712538883275123E-003
          58          49   7.7730582470454442E-003
          58          57   8.8492460224145510E-003
          59          23  0.97882740740001595     
          59          25   9.2300982023314285E-003
          60          23  0.97992909398891870     
          60          24   9.1807677118018096E-003
          61          21   8.8822528436415180E-003
          61          23  0.97786536248142875     
          61          25   4.7775405278476998E-003
          62          21   9.5352767832925997E-003
          62          24  0.97914704698393074     
          62          25   3.7327877057922198E-003
          63          23   9.3666692886884527E-003
          63          24  0.97683330229732090     
          64          24  0.97630556362802157     
          64          25   1.0386112193341042E-002
          65          13   7.9980682316836572E-003
          65          27  0.97429922455805451     
          66          27  0.97581206835626055     
          66          28   8.1674105776374517E-003
          67          11   4.0771206594977221E-003
          67          13   8.7218442446228440E-003
          67          27  0.96605675163395266     
          67          28   8.2624603234953825E-003
          68          11   9.5608622646857315E-003
          68          13   9.4391191054153528E-003
          68          28  0.96396949491374984     
