$coord
          6.967470731251         -3.814131186232         -3.548536972483     c 
          7.187518239334         -1.050262241166         -2.772307354037     c 
          8.997787152787         -0.712681305857         -0.547403153784     c 
          9.047140075203          1.990195393183          0.490794379771     c 
          7.151446717441          2.435989376602          2.645026166632     c 
          4.470903437441          1.980391425680          1.840907835490     c 
          3.214915792039          3.753474650731          0.366528576766     c 
          0.771209826457          3.311935771022         -0.465269734732     c 
         -0.494541698143          1.084334487421          0.171984760428     c 
         -3.174642285431          0.625267198962         -0.650167753010     c 
         -4.966733021305          2.738580922968         -0.026892399571     c 
         -7.410499136675          2.350752252324         -0.427186485951     c 
         -8.175614519585         -0.113359201324         -1.617812057799     c 
         -6.844432388663         -2.403744738478         -0.397357889431     c 
         -4.251259983898         -1.717758750611          0.693062995995     c 
         -2.297727384853         -3.867500835724          0.717569006114     c 
         -0.165783037664         -3.029817692275          2.158857605340     o 
          0.810007687659         -0.726609736269          1.571357553301     c 
          3.251848753785         -0.251588021587          2.434850575473     c 
         -3.299680253911         -6.175968141419          2.137889243850     c 
         -1.389078060692         -4.633919066438         -1.922842400155     c 
         -9.443876876057          4.217322194381          0.175154011454     c 
         -0.451731273354          5.026210415724         -1.958925969545     o 
          5.722523521235         -4.014252836459         -5.171898377467     h 
          8.810263518724         -4.580399638401         -4.044905189684     h 
          6.196793353577         -4.927262520580         -2.001779875991     h 
          7.869673086756          0.062510864312         -4.373350508324     h 
          5.321549816943         -0.343125047779         -2.261785807061     h 
         10.895623075879         -1.239922809201         -1.169391785434     h 
          8.462427122025         -2.011037650572          0.962837877884     h 
         10.932085059658          2.407565782508          1.222722065365     h 
          8.668038049338          3.316088390406         -1.043887536634     h 
          7.621009305769          1.183741816528          4.214973657606     h 
          7.353730466842          4.385077236450          3.298472184443     h 
          4.155099254792          5.494090362000         -0.154735183295     h 
         -3.213885933137          0.321148400227         -2.704675696753     h 
         -4.245237569745          4.444511027001          0.815129972338     h 
        -10.218776662228         -0.366907062374         -1.520695017402     h 
         -7.657779034446         -0.040869828505         -3.619862624531     h 
         -6.659496005310         -3.884569327002         -1.819629886595     h 
         -8.030043717007         -3.147806506475          1.115603924319     h 
         -4.502728887937         -1.178869770358          2.680629043130     h 
          4.172319785877         -1.692888319298          3.543001046293     h 
         -4.014649784221         -5.615952709072          3.979979838689     h 
         -4.802447016126         -7.081361604308          1.075607037920     h 
         -1.769912519813         -7.517542729749          2.417999338495     h 
         -2.969639711551         -5.170604363242         -3.116631449066     h 
         -0.369809560674         -3.088170842486         -2.812565715230     h 
         -0.109333005166         -6.234336112751         -1.762452190925     h 
         -8.645388592104          5.941050944312          0.955665086453     h 
        -10.508743157511          4.690079567086         -1.523719354583     h 
        -10.764154593020          3.419978270000          1.541131167195     h 
          0.647210617787          6.449785338819         -2.254632383709     h 
$end
