   220
         39          1         39
          2         40         41
         49         42         90
         48         91        138
         51        139        189
         55        190        244
         37        245        281
         33        282        314
         42        315        356
         34        357        390
         31        391        421
         79        422        500
          1        501        501
         58        502        559
         10        560        569
         31        570        600
          1        601        601
         21        602        622
         28        623        650
         32        651        682
         47        683        729
         35        730        764
         73        765        837
          9        838        846
         50        847        896
          1        897        897
         10        898        907
          7        908        914
          3        915        917
         21        918        938
         32        939        970
         34        971       1004
         31       1005       1035
         31       1036       1066
         35       1067       1101
          4       1102       1105
         27       1106       1132
         18       1133       1150
          5       1151       1155
         17       1156       1172
         25       1173       1197
          1       1198       1198
         16       1199       1214
          3       1215       1217
         27       1218       1244
         22       1245       1266
         11       1267       1277
         20       1278       1297
         20       1298       1317
         33       1318       1350
         12       1351       1362
         23       1363       1385
          2       1386       1387
          2       1388       1389
         21       1390       1410
          1       1411       1411
          9       1412       1420
          5       1421       1425
          2       1426       1427
          2       1428       1429
          2       1430       1431
          3       1432       1434
          1       1435       1435
          3       1436       1438
          3       1439       1441
          3       1442       1444
          1       1445       1445
          1       1446       1446
          1       1447       1447
          2       1448       1449
          4       1450       1453
          3       1454       1456
          1       1457       1457
          3       1458       1460
          4       1461       1464
          3       1465       1467
          2       1468       1469
          3       1470       1472
          1       1473       1473
          3       1474       1476
          3       1477       1479
          1       1480       1480
          4       1481       1484
          1       1485       1485
         18       1486       1503
         27       1504       1530
         19       1531       1549
          8       1550       1557
         21       1558       1578
          4       1579       1582
          1       1583       1583
          1       1584       1584
          2       1585       1586
          1       1587       1587
          1       1588       1588
          3       1589       1591
          1       1592       1592
          2       1593       1594
          2       1595       1596
         17       1597       1613
         18       1614       1631
          5       1632       1636
          3       1637       1639
          1       1640       1640
          2       1641       1642
          1       1643       1643
          3       1644       1646
         15       1647       1661
          4       1662       1665
         12       1666       1677
          1       1678       1678
          1       1679       1679
          4       1680       1683
          1       1684       1684
          2       1685       1686
          3       1687       1689
          2       1690       1691
          6       1692       1697
          1       1698       1698
          3       1699       1701
          1       1702       1702
         12       1703       1714
         13       1715       1727
          5       1728       1732
         26       1733       1758
          2       1759       1760
         45       1761       1805
          9       1806       1814
          9       1815       1823
          4       1824       1827
          8       1828       1835
         11       1836       1846
          9       1847       1855
          9       1856       1864
          1       1865       1865
          4       1866       1869
          3       1870       1872
         21       1873       1893
         10       1894       1903
         17       1904       1920
          2       1921       1922
         14       1923       1936
         37       1937       1973
          6       1974       1979
         18       1980       1997
         12       1998       2009
          8       2010       2017
         12       2018       2029
          9       2030       2038
         12       2039       2050
          3       2051       2053
         21       2054       2074
          9       2075       2083
         17       2084       2100
         10       2101       2110
          3       2111       2113
          9       2114       2122
         18       2123       2140
          3       2141       2143
          4       2144       2147
          2       2148       2149
          2       2150       2151
          2       2152       2153
          8       2154       2161
         13       2162       2174
         12       2175       2186
          3       2187       2189
          1       2190       2190
         10       2191       2200
          1       2201       2201
          3       2202       2204
         11       2205       2215
          1       2216       2216
         11       2217       2227
          2       2228       2229
          1       2230       2230
          2       2231       2232
          1       2233       2233
         18       2234       2251
         10       2252       2261
          2       2262       2263
          4       2264       2267
          1       2268       2268
         11       2269       2279
          7       2280       2286
          3       2287       2289
          5       2290       2294
          1       2295       2295
          1       2296       2296
          6       2297       2302
          1       2303       2303
          1       2304       2304
          4       2305       2308
          1       2309       2309
          1       2310       2310
          1       2311       2311
          1       2312       2312
          2       2313       2314
          2       2315       2316
          2       2317       2318
          3       2319       2321
          1       2322       2322
          8       2323       2330
          2       2331       2332
          2       2333       2334
          1       2335       2335
          8       2336       2343
          6       2344       2349
          6       2350       2355
          5       2356       2360
         10       2361       2370
          9       2371       2379
          5       2380       2384
          6       2385       2390
          4       2391       2394
          2       2395       2396
          1       2397       2397
          1       2398       2398
          1       2399       2399
          1       2400       2400
