           2           1   1.0243644873344895     
           3           1   3.3129226254536765E-003
           3           2   1.0138670133434904     
           4           1   1.2125426647891669E-002
           4           2   2.6215912569198811E-003
           4           3   1.0095110980298254     
           5           3   3.0765806010819600E-003
           5           4  0.99186548452318291     
           6           4   3.2566657008037624E-003
           6           5   1.0104314891193051     
           7           4   1.0749551542813037E-002
           7           5   4.9909792012870742E-003
           7           6   1.3952127197956412     
           8           5   1.1243085566801883E-002
           8           6   3.2388817340757289E-003
           8           7   1.3600031953823490     
           9           4   4.4981393209999367E-003
           9           6   9.0895053001417828E-002
           9           7   3.6423076041082309E-003
           9           8   1.3349449704710903     
          10           7   1.0504475358965206E-002
          10           8   4.4854169933932000E-003
          10           9  0.99412037093841810     
          11           6   2.5620921824868370E-003
          11           8   5.3869459791774290E-003
          11          10  0.99895281825033644     
          12           9   7.1767244829805824E-003
          12          10   5.5353361230722695E-003
          12          11   1.8865326681513428     
          13          10   8.8675465092446400E-003
          13          11   6.1915344450836941E-003
          13          12   1.0133397240581372     
          14           9   9.2658788795391862E-003
          14          11   1.5169229988103973E-002
          14          12   2.0473252380488025E-003
          14          13  0.98907875704613235     
          15           8   8.1468400686424310E-003
          15           9   2.0510215540217856E-003
          15          10  0.96603182536838683     
          15          11   4.2097103156810431E-003
          15          12   2.1078813425547380E-002
          15          14  0.99996364942373694     
          16           9   3.8725066370355753E-003
          16          11   9.0976313172007068E-003
          16          12   2.6737484974292385E-003
          16          13   8.6312427679425558E-003
          16          14   2.0570546858209400E-003
          16          15  0.97606343194238376     
          17           6   1.2994819833510082E-002
          17           7   2.8537730160071269E-002
          17           8   1.4481631353243016E-002
          17           9   6.7976952107587002E-002
          17          10   4.4505865584169666E-003
          17          14   1.2186367976965725E-002
          17          15   1.3917581152724538E-002
          17          16  0.94127578002643320     
          18           5   1.1747332733013545E-002
          18           6   3.2132062987840389E-003
          18           7   7.8340315876303343E-002
          18           8   6.0522995459480356E-003
          18           9   1.3490989647551976     
          18          10   4.4897395485604882E-003
          18          11   1.0139912022207223E-002
          18          15   4.3195493356722346E-003
          18          16   3.6926403320265305E-003
          18          17   1.1035713799049232     
          19           4   1.2882208576515468E-002
          19           5   5.6877284796845225E-003
          19           6   1.4272134435404256     
          19           7   1.7387123679779369E-002
          19           8   7.8595523361961239E-002
          19           9   3.7692694318104572E-003
          19          10   1.0387419990802222E-002
          19          16   1.2573225685307247E-002
          19          17   4.6592826419443484E-002
          19          18   1.3304781682530258     
          20          10   1.0172346878484995E-002
          20          14   2.2579585656448222E-003
          20          15   2.8689207552345377E-003
          20          16   1.0022425024722981     
          20          17   5.7151802449921206E-003
          20          18   1.0854135055841981E-002
          21           9   2.5546334201657361E-003
          21          10   3.3407898701316935E-003
          21          14   5.2635937516487246E-003
          21          15   2.4923644285303461E-003
          21          16  0.99915775649221428     
          21          17   1.4401930349735354E-002
          21          18   3.0210665439291849E-003
          21          20   3.6411928203627722E-003
          22          10   1.7940875446287766E-002
          22          11   8.5780101057224452E-003
          22          12   1.0207414739362481     
          22          13   5.9626711163428513E-003
          22          14   6.2793848214377319E-003
          23           5   2.1139520292694672E-003
          23           6   1.5476008271504693E-002
          23           7   6.6467512107149893E-002
          23           8   1.1161413155108124     
          23           9   5.7009179586769383E-002
          23          10   2.7272705463834189E-003
          23          11   2.5445421793187273E-003
          23          17   4.0100634751687554E-003
          23          18   1.4007589368915737E-002
          23          19   2.9110140660657955E-002
          24           1  0.98334115513464937     
          24           3   1.1244600286939205E-002
          25           1  0.98212731294999878     
          26           1  0.98215790275977877     
          27           2  0.97796855491966384     
          27          26   1.0539315690311350E-002
          28           2  0.97403140393228227     
          28           6   3.2203989735428689E-003
          28          25   1.0664720984278071E-002
          28          27   2.5432683506447862E-003
          29           3  0.97776180304857929     
          29           5   8.3077662756256120E-003
          29          28   9.7086622897686065E-003
          30           3  0.97402838792320079     
          30          27   9.3292818548303957E-003
          30          29   2.8792939942031189E-003
          31           2   8.3412991057339476E-003
          31           4  0.97941889148539585     
          31           6   9.7407850011594840E-003
          32           4  0.97547702632358413     
          32          30   7.3276806431532698E-003
          32          31   2.0676020496877652E-003
          33           5  0.97374814579823443     
          33           7   7.1758318624219339E-003
          33          32   9.3180996451582444E-003
          34           3   1.0477608782735645E-002
          34           5  0.97110359339407704     
          34          19   8.3744651082083288E-003
          35           7  0.96460431233520461     
          35           9   9.1574167140635876E-003
          35          19   9.5742232262175896E-003
          36           6   3.1524502840456236E-003
          36           8   4.3017538570875166E-003
          36          10  0.94622486914663584     
          36          12   1.2951428780460982E-002
          36          18   7.3940969299095723E-003
          36          23   2.0048991592998325E-003
          37          11  0.96520918646288145     
          37          13   1.5503187321878555E-002
          37          15   3.2341424835680790E-003
          37          23   1.0297437493700290E-002
          38          11   7.1654391026357480E-003
          38          13  0.97715721810783174     
          38          15   8.0821113782445896E-003
          39          11   1.7199129338048378E-002
          39          13  0.96202375930174178     
          40          12   7.3195156323175104E-003
          40          14  0.97350902189495292     
          41          10   7.1995638908157631E-003
          41          14  0.98013104277241636     
          41          39   6.7990746663299283E-003
          41          40   2.1174378823428253E-003
          42          15  0.96749640657898273     
          42          17   4.7725679930626730E-003
          42          21   8.5249092884498515E-003
          42          36   8.0248784276636068E-003
          42          40   7.0356325896074367E-003
          43           7   1.0046292580850024E-002
          43           9   8.8486153881840775E-003
          43          17   4.5474377414499974E-003
          43          19  0.96549820032838607     
          44          17   2.4127968731250571E-003
          44          20  0.97961607622329094     
          44          21   9.2904060006488275E-003
          45          17   9.4360171967809645E-003
          45          20  0.97910374855591165     
          46          15   8.9726328920363158E-003
          46          17   3.9696641548670562E-003
          46          20  0.97833055682925829     
          47          17   1.0297926797994940E-002
          47          21  0.97497208647320766     
          48          20   9.1745995949183441E-003
          48          21  0.97654819544254823     
          49          15   9.5421513124065906E-003
          49          17   3.2772285248960946E-003
          49          21  0.97889760866490083     
          50          13   9.7060717317171939E-003
          50          22  0.97894018763417601     
          51          11   1.8947635073323092E-002
          51          22  0.96961421508409029     
          52          11   1.9452210336325621E-002
          52          22  0.96855927103141459     
          53           9   7.2554328640594655E-003
          53          23  0.97737776792813902     
