$coord
         -9.319594451660          2.203161448780         -1.899879895125     c 
         -8.509991060241         -0.444923120398         -2.719916490456     c 
         -9.783020703828         -2.412826611577         -1.034393411570     c 
         -9.001623729512         -1.971752484575          1.709615502931     c 
         -9.811835002775          0.674688439128          2.534779014729     c 
         -8.534664599279          2.636815987005          0.844488776741     c 
         -5.664921659715          2.393269279655          1.079128855537     c 
         -4.850757569487         -0.253534319747          0.257458423658     c 
         -5.643739504489         -0.693325597399         -2.493488862147     c 
         -6.136756509435         -2.224186621930          1.946643611819     c 
         -2.113815657757         -0.433626346703          0.496759311775     n 
         -0.704546113584         -2.486629128711         -0.049456716312     c 
         -1.529697373245         -4.490763691703         -0.832545262588     o 
          2.019250151767         -2.062630184804          0.386828218921     c 
          2.923348473704          0.111636729082          1.217149914035     n 
          5.428782456148         -0.097580994251          1.403381090411     n 
          6.228179546587         -2.430449041084          0.673797704104     c 
          8.624526387687         -3.513963562505          0.549108970080     c 
          8.762106657803         -5.975472869824         -0.272597809985     c 
          6.599208701800         -7.347772652442         -0.956058340070     c 
          4.227703696056         -6.299502123058         -0.833204487852     c 
          4.034508465348         -3.802912739228         -0.006466222072     c 
          6.932689587744          2.040034785362          2.125018898630     c 
          8.144591539057          3.343094695022         -0.165587441999     c 
          6.249098496953          4.018925227394         -2.244108037928     c 
          4.033328909089          5.658716401289         -1.385686367808     c 
          4.863861488278          8.211969892199         -0.355134409625     c 
          2.779847741718          9.686294665529          0.136338923662     f 
        -11.366062774310          2.401260571551         -2.081604537669     h 
         -8.437052910922          3.618772183727         -3.116413217053     h 
         -9.066655002830         -0.757483403640         -4.689673323873     h 
         -9.218244090468         -4.307105783963         -1.624400341252     h 
        -11.835027230704         -2.272672834981         -1.213917575759     h 
         -9.911593647067         -3.381388534766          2.923033842844     h 
        -11.862952585561          0.859023406159          2.393789172484     h 
         -9.282783321020          0.991333013131          4.504931306255     h 
         -9.105487672407          4.537907270494          1.436072519315     h 
         -5.090164690294          2.721733890370          3.035757692248     h 
         -4.740303220320          3.807281140228         -0.109072280833     h 
         -5.035860931169         -2.574907567642         -3.072313354220     h 
         -4.705393299426          0.689048047774         -3.707694481598     h 
         -5.549946232431         -1.937059397993          3.906116364215     h 
         -5.528609985383         -4.104128208824          1.363110839592     h 
         -1.166180109945          1.089426955173          1.140994311435     h 
         10.297355074853         -2.472545674482          1.077783877573     h 
         10.584868349408         -6.885923488730         -0.397963310661     h 
          6.824593230100         -9.274641101265         -1.588762026513     h 
          2.545816543185         -7.327604884832         -1.345783247878     h 
          8.411707724339          1.412265452503          3.426988867237     h 
          5.684347695853          3.343171729245          3.123165070169     h 
          9.120903220578          5.034830476887          0.492583039946     h 
          9.558822312442          2.080010900383         -0.980544043542     h 
          5.477946828726          2.276318769432         -3.035222648962     h 
          7.268186434604          4.985469689950         -3.756909892971     h 
          2.797513171439          5.996695491410         -3.003786981370     h 
          2.926983585867          4.661508853892          0.038879275609     h 
          5.888563490327          8.048963095998          1.434101192121     h 
          6.010921476916          9.249670177541         -1.731125453751     h 
$end
