   203
          6          1          6
          6          7         12
          6         13         18
          6         19         24
          7         25         31
          6         32         37
          6         38         43
          6         44         49
          6         50         55
          5         56         60
          1         61         61
          6         62         67
          4         68         71
          3         72         74
          6         75         80
          6         81         86
          6         87         92
          6         93         98
          6         99        104
          6        105        110
          1        111        111
          3        112        114
          1        115        115
          5        116        120
          5        121        125
          6        126        131
          2        132        133
          6        134        139
          6        140        145
          6        146        151
          1        152        152
          4        153        156
          2        157        158
          5        159        163
          6        164        169
          6        170        175
          5        176        180
          1        181        181
          5        182        186
          1        187        187
          5        188        192
          1        193        193
          1        194        194
          2        195        196
          1        197        197
          3        198        200
          1        201        201
          1        202        202
          1        203        203
          5        204        208
          1        209        209
          6        210        215
          6        216        221
          6        222        227
          1        228        228
          6        229        234
          1        235        235
          6        236        241
          6        242        247
          5        248        252
          1        253        253
          4        254        257
          5        258        262
          4        263        266
          1        267        267
          1        268        268
          2        269        270
          1        271        271
          1        272        272
          1        273        273
          1        274        274
          7        275        281
          1        282        282
          4        283        286
          1        287        287
          5        288        292
          6        293        298
          5        299        303
          6        304        309
          6        310        315
          6        316        321
          1        322        322
          5        323        327
          1        328        328
          6        329        334
          5        335        339
          1        340        340
          5        341        345
          6        346        351
          3        352        354
          3        355        357
          4        358        361
          2        362        363
          1        364        364
          4        365        368
          5        369        373
          2        374        375
          1        376        376
          3        377        379
          3        380        382
          4        383        386
          2        387        388
          6        389        394
          5        395        399
          1        400        400
          5        401        405
          5        406        410
          1        411        411
          1        412        412
          1        413        413
          6        414        419
          4        420        423
          1        424        424
          1        425        425
          5        426        430
          3        431        433
          1        434        434
          2        435        436
          1        437        437
          1        438        438
          5        439        443
          1        444        444
          3        445        447
          1        448        448
          6        449        454
          1        455        455
          6        456        461
          5        462        466
          6        467        472
          6        473        478
          1        479        479
          3        480        482
          5        483        487
          5        488        492
          6        493        498
          4        499        502
          1        503        503
          5        504        508
          5        509        513
          1        514        514
          6        515        520
          4        521        524
          2        525        526
          2        527        528
          2        529        530
          2        531        532
          3        533        535
          2        536        537
          1        538        538
          4        539        542
          1        543        543
          1        544        544
          1        545        545
          2        546        547
          1        548        548
          3        549        551
          5        552        556
          4        557        560
          1        561        561
          3        562        564
          2        565        566
          3        567        569
          2        570        571
          1        572        572
          2        573        574
          1        575        575
          5        576        580
          3        581        583
          5        584        588
          5        589        593
          3        594        596
          4        597        600
          1        601        601
          2        602        603
          2        604        605
          1        606        606
          1        607        607
          1        608        608
          1        609        609
          3        610        612
          2        613        614
          4        615        618
          6        619        624
          2        625        626
          4        627        630
          5        631        635
          1        636        636
          2        637        638
          2        639        640
          1        641        641
          1        642        642
          1        643        643
          1        644        644
          3        645        647
          4        648        651
          1        652        652
          1        653        653
          1        654        654
          5        655        659
          1        660        660
          1        661        661
          3        662        664
          2        665        666
