           2           1   1.0001633988770764     
           3           1   2.0583470863683073E-003
           3           2   1.0002952292027236     
           4           1   2.1538011565579531E-003
           4           3   1.0002794918632862     
           5           1   2.0924901589705076E-003
           5           2   2.1528455395022372E-003
           5           3   2.0577800943491261E-003
           5           4   1.0001559076493574     
           6           1   1.0004398879151188     
           6           3   2.1262198301597634E-003
           6           5   1.0003872767137483     
           7           1   2.0843731832183104E-003
           7           5   2.0882693338210665E-003
           7           6  0.99680056254529292     
           8           1   2.1047684999989818E-003
           8           3   2.0513279728882252E-003
           8           5   2.1031265599942067E-003
           8           7  0.99420264751978249     
           9           1   2.0548984170812943E-003
           9           2  0.99875521941800127     
           9           3   2.0932707723839549E-003
           9           7   2.3188138275790113E-003
           9           8  0.98327533202757511     
          10           3   2.0950660890998417E-003
          10           4  0.99876851301106817     
          10           5   2.0535185814829528E-003
          10           7   2.3255113419332735E-003
          10           8  0.98317439936079265     
          10           9   2.8469530588302689E-003
          11           2   9.7189191241935612E-003
          11           4   9.7268500617763900E-003
          11           6   9.6047079243072476E-003
          11           7   3.2930188965818821E-003
          11           8  0.93792915083075468     
          11           9   6.9703298834331920E-003
          11          10   7.0662534272352886E-003
          12           7   7.1006196958905074E-003
          12           8   7.6451602835185496E-003
          12           9   5.7136157066628298E-003
          12          10   5.7663823920615226E-003
          12          11   1.2284699611388872     
          13           9   6.5156484553339829E-003
          13          10   6.5644790707757583E-003
          13          11  0.16294446397925511     
          13          12   1.5653132986597498     
          14           8   1.4104620399168443E-002
          14          11   7.6440659749471103E-003
          14          12   1.0220595196127502     
          14          13   4.4195556694327474E-002
          15          11   1.7597586126226066E-002
          15          12   4.8714835588477478E-003
          15          13   2.6821150876107244E-002
          15          14   1.4231754277706674     
          16          11   1.1603602852163409E-002
          16          12   2.2375549790731142E-002
          16          13   1.8345422848820792E-002
          16          14  0.11960880917079181     
          16          15   1.2058083501884913     
          17          12   8.8526181602339663E-003
          17          14   6.8343891776555220E-003
          17          15   6.8993774904084870E-002
          17          16   1.1974913345978362     
          18          14   1.2326530658191136E-002
          18          15   2.4458234301576082E-002
          18          16   1.4414830733474876E-002
          18          17   1.3013008797584842     
          19          15   2.3566601803316593E-002
          19          16   3.6885349967973019E-002
          19          17   3.6108797001268328E-003
          19          18   1.5291613931956229     
          20          11   2.3919447964108956E-003
          20          13   3.1118816067921399E-003
          20          14   3.7980192395677438E-002
          20          15   1.2013725169476030E-002
          20          16   9.0138399285206866E-003
          20          17   6.4509703794080747E-002
          20          18   3.7383869470622127E-003
          20          19   1.3407964855012919     
          21          12   2.1252593332626597E-003
          21          14   5.1504362826156214E-003
          21          15   3.0383239013331391E-002
          21          16   1.0420724677231071E-002
          21          17   3.4030166606119992E-003
          21          18  0.11924531950024127     
          21          19   2.6126559577720021E-003
          21          20   1.5287520213004648     
          22          11   1.4421624491932095E-002
          22          12   8.3523214951383741E-003
          22          13   1.0953560566949433E-002
          22          14   1.2233110478237754     
          22          15   3.6714547402479751E-002
          22          16   2.8358326265764303E-002
          22          17   1.2327832555244811     
          22          18   4.8348265645565547E-003
          22          19   6.8009094292409450E-002
          22          20   3.7614122186274612E-003
          22          21   1.3095776830414732     
          23          14   9.0435545281114960E-003
          23          15   1.5788158976854476E-002
          23          16  0.93869395328064686     
          23          17   1.8134928279418601E-002
          23          22   9.2328354952735808E-003
          24          14   6.0266634382289330E-003
          24          15   8.5097107573476223E-003
          24          16   3.3692878834433184E-003
          24          17   7.2865529652962908E-003
          24          23  0.99327089927593781     
          25          24   1.0102417727614363     
          26          15   2.1005415028036998E-003
          26          23   3.5318772574380011E-003
          26          25   1.0098538049686532     
          27          24   2.5367417870779145E-003
          27          25   4.5873494506576814E-003
          27          26   1.0115961392459238     
          28          25   1.0072508852864632E-002
          28          26   1.5657045967214421E-002
          28          27  0.89343464338354828     
          29           1  0.97487682916555229     
          29           7   9.8040067604476706E-003
          29           9   9.7620577338396308E-003
          30           1  0.97507188771212416     
          30           3   9.7682873501549177E-003
          30           5   9.7768939861853903E-003
          31           2  0.97587135261410596     
          31           4   1.0138155800023526E-002
          31           6   1.0112998956967885E-002
          31           8   9.8975616403162714E-003
          32           1   9.7537621452792097E-003
          32           3  0.97515941506743287     
          32           5   9.7517797664424533E-003
          33           3  0.97495537797591658     
          33           9   9.7747489474967406E-003
          33          10   9.7714173472998461E-003
          34           2   1.0135421403109239E-002
          34           4  0.97586601421990371     
          34           6   1.0112841839638559E-002
          34           8   9.8990977110777548E-003
          35           5  0.97488161578023802     
          35           7   9.7961516993549623E-003
          35          10   9.7597453777764735E-003
          36           1   9.7624245637472542E-003
          36           3   9.7629743178166729E-003
          36           5  0.97509894101912642     
          37           2   1.0140827930787882E-002
          37           4   1.0134234611819433E-002
          37           6  0.97623918950619348     
          37           8   9.8227689033222494E-003
          38           1   9.6929573905368167E-003
          38           7  0.97340960685334432     
          38           9   8.9910179030827549E-003
          39           5   9.6945283444698181E-003
          39           7  0.97342626567353097     
          39          10   8.9909343489525534E-003
          40           1   9.8098688913179164E-003
          40           7   9.0146918483623023E-003
          40           9  0.97090501465190515     
          40          13   1.6418649706751016E-002
          41           3   9.8005142723639645E-003
          41           9  0.97269919447795461     
          41          10   8.8151630419074610E-003
          42           3   9.8061316918820023E-003
          42           9   8.8192651440154000E-003
          42          10  0.97268116154525963     
          43           5   9.8141410315975234E-003
          43           7   9.0105107797940603E-003
          43          10  0.97088083499557476     
          43          13   1.6476428530354033E-002
          44           9   2.5294635114697993E-003
          44          10   2.4235524717128526E-003
          44          11  0.94348044232645722     
          44          13   1.0063710424675529E-002
          44          15   1.8255482896226805E-002
          45          18  0.96863483746821410     
          45          20   1.1252775077352653E-002
          45          22   1.1101165392088684E-002
          46          17   1.0901646659903102E-002
          46          19  0.97320176884908272     
          46          21   9.7996447866369636E-003
          47          18   9.8462628965368740E-003
          47          20  0.97280587717524847     
          47          22   1.1158054710298361E-002
          48          13   1.2240646441104678E-002
          48          17   1.0970074271784855E-002
          48          19   1.1407779633418139E-002
          48          21  0.96749925408984383     
          49          14   2.2218409552027959E-003
          49          15   8.1393024326132466E-003
          49          23  0.97225843940820023     
          49          25   1.0429582007618182E-002
          50          15   4.4097876458395946E-003
          50          17   6.9780704289599087E-003
          50          23  0.97331690289377149     
          51          16   8.2960487411940821E-003
          51          24  0.97578309377075012     
          52          24  0.97717050180232190     
          52          26   1.0769237088555575E-002
          52          50   9.7201377099310395E-003
          53          25  0.97689346510032560     
          53          27   1.0487542153628333E-002
          53          51   9.7283919469766181E-003
          54          23   1.0612521589038599E-002
          54          25  0.97729374711249550     
          55          24   1.1021589091728245E-002
          55          26  0.97559297828818525     
          55          28   3.2894425503381761E-003
          56          15   1.1717134544312842E-002
          56          26  0.97176406154150718     
          56          54   9.7807038072087113E-003
          56          55   2.1534117137419454E-003
          57          27  0.97498634503874393     
          57          28   3.1644700913800415E-002
          57          55   1.0028837980522889E-002
          58          27  0.97521007056550746     
          58          28   3.1135002047485736E-002
          58          56   9.9731401814504312E-003
