$coord
         -3.555803201409         -1.433371337736         -2.776293328984     c 
         -3.353014292196         -0.684745483051          0.015066870414     c 
         -4.863369492713         -2.624363889175          1.596182214078     c 
         -7.662312909077         -1.930666273697          1.976243933151     c 
         -8.683380776965         -0.392259663283         -0.187519047606     c 
        -10.487965135837         -1.001021806097         -1.439359419283     o 
         -7.252269067574          2.040796488704         -0.586542982775     c 
         -4.548917515323          1.945514934598          0.447619455547     c 
         -2.993273992859          4.090111951953         -0.702710189091     c 
         -0.302995572023          4.053933477518          0.315395704954     c 
          0.949712541393          1.516935428929         -0.275647332511     c 
         -0.577449309994         -0.623787924029          0.988272314934     c 
          0.699304481948         -3.234482919184          0.810500630146     c 
          3.538361396419         -3.237782778452          1.389366087818     c 
          4.857728871725         -1.203180558187         -0.164524997156     c 
          3.739381329822          1.410242585432          0.539792970582     c 
          5.558706583535          3.206125621158         -0.840780393918     c 
          8.170480024230          1.960680993919         -0.515118972089     c 
          7.708974804919         -0.798734653380          0.364052835870     c 
          9.352401876635         -2.558285788641         -0.741245986595     o 
          3.981378255376          2.010105923857          3.374249925263     c 
          4.604786837534         -1.864578187993         -2.984659196028     c 
         -5.526688300060         -1.661093671212         -3.305856331812     h 
         -2.719550686602         -0.023489197583         -4.011172258131     h 
         -2.626308923369         -3.229739049182         -3.129465136375     h 
         -4.758882534656         -4.460252787964          0.667380562291     h 
         -4.009635961881         -2.826027340352          3.463084310942     h 
         -7.863295299757         -0.768257108321          3.670967648529     h 
         -8.796233163134         -3.633279617515          2.222955886898     h 
         -8.313312900161          3.532960572205          0.373451350012     h 
         -7.269293880058          2.508912059407         -2.595294456344     h 
         -4.603320766060          2.252131799681          2.495582409572     h 
         -3.891211478809          5.892254258439         -0.244376673800     h 
         -2.963702938033          3.925343239176         -2.757877545543     h 
          0.787915881761          5.585014342412         -0.532607654660     h 
         -0.369800093840          4.363362168544          2.351496958780     h 
          0.882404223652          1.285269740792         -2.324175104626     h 
         -0.707316650648         -0.144809293533          2.999014941572     h 
          0.433397439287         -4.019240723862         -1.071191262044     h 
         -0.228722353925         -4.518732881593          2.130189436533     h 
          4.315394798429         -5.095690277345          0.937606041288     h 
          3.865179290522         -2.915740257538          3.396537028712     h 
          5.052391307020          3.366606983031         -2.831385720535     h 
          5.530153215076          5.100430644038         -0.037990072776     h 
          9.314833109866          2.975765706837          0.861039363471     h 
          9.226446363139          1.949483924773         -2.286646724605     h 
          8.091019929633         -1.010304855982          2.382279968486     h 
          9.181389472283         -2.465588970101         -2.552334112282     h 
          3.473781380054          3.974949457555          3.694317260130     h 
          5.908678517452          1.769513493828          4.025946963402     h 
          2.763690240201          0.841714983392          4.535943593529     h 
          2.660408802011         -1.838338525667         -3.623643988595     h 
          5.322650074044         -3.770931369520         -3.282686884188     h 
          5.671741316764         -0.569086634396         -4.169463407273     h 
$end
