           2           1   1.0095273618074458     
           3           1   3.0678237892619660E-003
           3           2  0.98867165994002715     
           4           3  0.98555323257032401     
           5           2   5.1886214470385043E-003
           5           3   8.9092709105089603E-003
           5           4  0.98373134478071511     
           6           1   2.9817059180827651E-003
           6           3   1.9856975189966972E-002
           6           4   5.3817361928333099E-002
           6           5   1.8485905146910959     
           7           1   2.9357972722550132E-003
           7           4   1.2817483816029410E-002
           7           5  0.97770703353434985     
           7           6   5.4653773066875765E-002
           8           2  0.97921859238022579     
           8           4   6.0548181096817602E-003
           8           5   3.1511454150667741E-003
           8           6   1.1515204142259029E-002
           8           7  0.99432814684004578     
           9           1   4.6765264615719121E-003
           9           3   1.0122693447833446E-002
           9           5   8.9771342130486997E-003
           9           7   3.1701591589200408E-003
           9           8   1.0008286627251985     
          10           7   1.0976761673521251E-002
          10           8   2.1754234014883743E-003
          10           9   1.0091273923308761     
          11           1   4.1806444010729265E-003
          11           3   9.7012050144154802E-003
          11           9   2.1969947681714955E-003
          11          10  0.99817037636278239     
          12           2  0.97510322901655189     
          12           3   3.6596429303636453E-003
          12           4   8.0955147942238601E-003
          12           7   9.6718989055145210E-003
          12           8   2.4999456237610532E-003
          12          10   2.5403444382431652E-003
          12          11  0.98487092252475406     
          13           1   9.3238910174386572E-003
          13           3   3.6148615815212730E-003
          13           8   9.5088907534656257E-003
          13          10   1.0174425760187636E-002
          13          12  0.99797399778381291     
          14           2   1.0952959867824675E-002
          14          13   1.0033491433522295     
          15          10   1.0656425719430864E-002
          15          12   2.9011172813446272E-003
          15          14  0.99825347207493687     
          16           2   1.0024277868734190E-002
          16           9   1.1029575846829530E-002
          16          11  0.98212385982452866     
          16          13   2.6309809575406234E-003
          16          15  0.96596393852407314     
          17          11   2.7231493632181715E-003
          17          12   1.0846169759040731E-002
          17          14   8.6625598584947287E-003
          17          15   4.8388472775823697E-003
          17          16  0.98850352423264287     
          18          11   9.4723532775792194E-003
          18          14   9.3919213877310739E-003
          18          15   4.5304582755580662E-003
          18          16   3.3295837987302691E-003
          18          17   1.0044450063318886     
          19          11   8.2660793390430531E-003
          19          13   1.1681925268126871E-002
          19          14   2.5060118711962309E-003
          19          15  0.96273988782680708     
          19          16   7.5963338699891400E-003
          19          17   2.4991954252644136E-003
          19          18  0.97936152426869627     
          20          15   2.6354215229890385E-002
          20          16   9.2477414495150834E-003
          20          17   6.6753454534305302E-003
          20          18   2.8361647037018545E-002
          20          19   1.0020671630769582     
          21          10   5.2227948484813861E-003
          21          12   6.7934127882645929E-003
          21          14   5.4904361899085503E-003
          21          16   1.0046508918320272     
          21          17   3.1685545405900602E-003
          21          19   6.6435065115428250E-003
          22          11   8.0568203825388245E-003
          22          13   5.3975727236218966E-003
          22          14   2.7401864133437637E-003
          22          15   1.0037579337169120     
          22          17   4.0468915672164799E-003
          22          20   8.3428038128563024E-003
          22          21   1.0562989106386991E-002
          23           1  0.97433303315150521     
          23           5   2.4763831231123419E-003
          23           6   2.0076456951416042E-003
          23          12   9.9350737309041037E-003
          24           1  0.97479235409371734     
          24           3   1.0133796775175808E-002
          25           1  0.97209276560485958     
          25           8   9.5666826742761141E-003
          26           3  0.97817233943858972     
          26           8   6.5769856464182493E-003
          27           1   6.6316114200729807E-003
          27           3  0.97645737364174878     
          27           5   7.2310242661838692E-003
          28           4  0.96043367233608645     
          28           5   6.7816717646002255E-003
          28           6   1.6315323752604916E-002
          28          26   7.2172524046151777E-003
          29           2   8.1789809579456852E-003
          29           4  0.97428829429037711     
          29           6   6.0125690493065646E-003
          29           7   8.3187074166805649E-003
          30           2   8.0795451649130490E-003
          30           5   9.7086130739611372E-003
          30           6   1.8851249897634443E-002
          30           7  0.95268439453402387     
          31           4   5.8104467038552834E-003
          31           6   9.8255317831005985E-003
          31           7  0.96377942954118578     
          31          30   3.5620325557981598E-003
          32           1   8.2771641521568826E-003
          32           8  0.97191859621089038     
          32          31   7.9178383851033832E-003
          33           2   1.0008743331862068E-002
          33           9  0.97623807929893258     
          33          11   1.0642706896779054E-002
          34           9  0.97109075000265355     
          34          32   8.8858742312747860E-003
          34          33   2.4781533001062370E-003
          35           8   1.0642818269317201E-002
          35          10  0.97621513761890155     
          35          12   9.7486008772617455E-003
          36          10  0.97181182303939306     
          36          34   9.3525341923786920E-003
          37          11  0.96196530267262537     
          37          21   8.6835302409949862E-003
          37          36   8.5210945381579487E-003
          38           1   8.0339640659462773E-003
          38          12  0.96505297307637239     
          38          37   7.9041549482416918E-003
          39          13  0.96569830068497997     
          39          25   5.5306844204958804E-003
          39          38   8.3897204025871804E-003
          40          11   9.1279651236015214E-003
          40          13  0.97682344777532260     
          40          15   9.8293298634252787E-003
          40          39   2.7616810999508802E-003
          41          12   1.0018445936232481E-002
          41          14  0.97386922004424725     
          41          16   9.6800214319981408E-003
          42          14  0.97133685491530752     
          42          22   9.4229471621150238E-003
          42          39   9.0448315070253242E-003
          42          41   2.3922036314191070E-003
          43          17  0.97598390795371903     
          43          21   8.2162051192965109E-003
          44          15   7.4549015642300749E-003
          44          17  0.97724667248475283     
          44          19   5.3408707642850894E-003
          44          43   2.6209105931570688E-003
          45          15   5.1369682748970769E-003
          45          18  0.98042508414975083     
          45          43   5.4809480813035579E-003
          46          16   5.0486141933339373E-003
          46          18  0.97590010154484408     
          46          20   7.2752380305848505E-003
          46          45   2.7311083345583293E-003
          47          19  0.96982077351060580     
          47          20   1.3445830464476467E-002
          47          22   7.5811107963445123E-003
          47          46   4.6363958148643684E-003
          48          20  0.97689772775155892     
          48          47   8.5595233792728660E-003
          49          15   9.3213249031601705E-003
          49          21  0.97546616534985087     
          50          11   9.2709253528582176E-003
          50          21  0.97530582339194294     
          51          17   9.5819725426804121E-003
          51          21  0.97322388469991028     
          51          38   2.9600856314575081E-003
          52          19   9.4947721428051100E-003
          52          22  0.96978733702134357     
          52          37   3.3383364617468243E-003
          53          16   9.4587423582531693E-003
          53          20   5.0862816850965695E-003
          53          22  0.97636033343619066     
          54          14   9.0927831380631253E-003
          54          22  0.97753242402317841     
