$coord
        -10.090133691308          0.971022320277          3.664723102360     c 
         -7.364210386767          1.509249001484          2.875397141435     c 
         -5.585255470412          0.853420050741          5.059871468045     c 
         -7.069956967583          4.301177660832          2.179593780965     c 
         -6.676679406878         -0.189360094000          0.567149919684     c 
         -8.066057519963          0.691577971574         -1.790527466583     c 
        -10.308638360432          0.524960065869         -2.123762096308     o 
         -6.490050463681          1.721383675837         -3.478842110262     o 
         -7.610740090103          2.603302189245         -5.752274508629     c 
         -3.998169388994         -0.320108098134          0.142154740018     n 
         -2.671451259766         -2.494062125398          0.382233582106     c 
         -3.606746096708         -4.492460943266          1.038810817155     o 
          0.029054971733         -2.183492726802         -0.201169564032     c 
          1.014702535916          0.021512224309         -0.843021966199     n 
          3.474022014605         -0.310408925856         -1.261090876275     n 
          4.165677374963         -2.760277815064         -0.885011532042     c 
          6.479056865602         -4.003610249705         -1.098047197059     c 
          6.505563468642         -6.550019012877         -0.584015792132     c 
          4.311785126169         -7.861381872729          0.120600846246     c 
          2.020240299116         -6.660692046462          0.326145788375     c 
          1.942310238844         -4.074520710184         -0.183878130211     c 
          5.045376759460          1.814242531260         -1.877193707254     c 
          5.486579666864          3.513579633556          0.441614208116     c 
          7.002753749564          2.158887275596          2.526819231527     c 
          9.735612318681          3.089368703497          2.699768392952     c 
         10.858686294382          3.435405452474          0.071117891696     c 
          9.458165768732          5.521608125444         -1.380635579397     c 
          6.794413614572          5.968680855225         -0.337626029967     c 
        -11.370978384325          1.215541127777          2.079312030395     h 
        -10.654962298599          2.251796905459          5.169875457242     h 
        -10.269128998006         -0.957882319391          4.349395401786     h 
         -3.656876102055          1.426531894339          4.641651224108     h 
         -6.194429504125          1.817354505185          6.769529869429     h 
         -5.593621505675         -1.170789848290          5.410709922923     h 
         -5.190482530525          4.684467526770          1.439360170407     h 
         -8.458992739127          4.849073393613          0.766336840659     h 
         -7.357014297338          5.472885465618          3.844251814651     h 
         -7.290320130668         -2.126641446620          0.983749648878     h 
         -8.902414281277          4.163439110234         -5.356237234256     h 
         -6.065010217183          3.232679583394         -6.949335210544     h 
         -8.667713618341          1.085682301421         -6.665877713985     h 
         -3.073581637435          1.213700711056         -0.505214457796     h 
          8.182699514112         -3.020937276026         -1.642644105206     h 
          8.263609431012         -7.577686928518         -0.725841776741     h 
          4.448496795319         -9.861202531897          0.501924894926     h 
          0.314293042412         -7.637889911604          0.858377090537     h 
          4.087192937788          2.914164278230         -3.343305735764     h 
          6.823326989753          1.099023437696         -2.628443489262     h 
          3.606843809163          3.979800841116          1.172002966967     h 
          6.084716313344          2.442523533845          4.351600486917     h 
          7.002763860188          0.128310311251          2.165914664728     h 
          9.816761740871          4.883243762500          3.713262986250     h 
         10.850862858125          1.724211704253          3.770603905255     h 
         12.861085499465          3.905285426520          0.217177853633     h 
         10.731557743074          1.641990454787         -0.941589941702     h 
          9.354618520699          5.027441645187         -3.379999749213     h 
         10.510457627317          7.290636096038         -1.249965624743     h 
          5.656350206718          6.949373522817         -1.751652660279     h 
          6.898319148320          7.191966247266          1.318496561972     h 
$end
