   122
         73          1         73
          4         74         77
          2         78         79
         35         80        114
          2        115        116
          1        117        117
          1        118        118
          9        119        127
          2        128        129
         18        130        147
          5        148        152
          4        153        156
          1        157        157
         22        158        179
          1        180        180
         13        181        193
          5        194        198
         16        199        214
         13        215        227
          6        228        233
         32        234        265
         30        266        295
         42        296        337
          4        338        341
          4        342        345
         81        346        426
          4        427        430
          1        431        431
          3        432        434
         27        435        461
          1        462        462
         79        463        541
         34        542        575
          7        576        582
          1        583        583
         14        584        597
          2        598        599
          5        600        604
          7        605        611
          1        612        612
          1        613        613
         11        614        624
          2        625        626
          1        627        627
          2        628        629
          3        630        632
          3        633        635
          1        636        636
          1        637        637
          9        638        646
          7        647        653
          4        654        657
          1        658        658
          1        659        659
          2        660        661
          7        662        668
          1        669        669
          3        670        672
          1        673        673
          3        674        676
          9        677        685
          4        686        689
          2        690        691
          7        692        698
          8        699        706
          4        707        710
          2        711        712
          2        713        714
          3        715        717
          6        718        723
          2        724        725
          1        726        726
          8        727        734
          1        735        735
          2        736        737
          1        738        738
          6        739        744
          1        745        745
          2        746        747
          1        748        748
          2        749        750
          2        751        752
          9        753        761
          3        762        764
          3        765        767
          1        768        768
          1        769        769
          1        770        770
          6        771        776
          2        777        778
          5        779        783
          6        784        789
          4        790        793
          5        794        798
          1        799        799
          2        800        801
          2        802        803
          1        804        804
          1        805        805
          5        806        810
          4        811        814
          4        815        818
         16        819        834
          5        835        839
          3        840        842
          4        843        846
          8        847        854
          1        855        855
          1        856        856
         16        857        872
          3        873        875
          1        876        876
          1        877        877
          6        878        883
          5        884        888
          1        889        889
          6        890        895
          1        896        896
          4        897        900
          6        901        906
          2        907        908
          1        909        909
