           2           1   1.0086182287841823     
           3           1   3.0249018232653118E-003
           3           2   1.0058526428215626     
           4           1   3.0131908684537549E-003
           4           2   1.0082691948392264     
           4           3   3.0760976583476714E-003
           5           1   3.5044240766284422E-003
           5           2  0.94832837406031434     
           5           3   2.2652924636015525E-003
           6           2   7.7426204887492177E-003
           6           3   8.3442159240486903E-003
           6           5  0.94322951150037926     
           7           1   4.0143921364701012E-003
           7           2   1.2073253620428362E-002
           7           5   4.7614619546249001E-002
           7           6   1.6597277098742742     
           8           2   9.1434775727459814E-003
           8           5   1.4062246652316469E-002
           8           6   1.2127680350442216     
           8           7  0.19032027540420413     
           9           5   1.9458143675908399E-002
           9           6   4.2549767453351943E-003
           9           7   5.2039852028401791E-003
           9           8  0.97665452275448961     
          10           1   7.9224183452925069E-003
          10           2   8.5662130936510275E-003
          10           3   2.4685450849003840E-003
          10           4   2.1587551432023411E-003
          10           5  0.96340314144426142     
          10           6   6.3804379362954883E-003
          10           7   7.6088962365389633E-003
          10           8   2.8620632071621622E-003
          11           2   9.6069021433588600E-003
          11           5   7.2620439112125691E-003
          11           6   8.5009607784486824E-003
          11           7   3.3643515197958819E-003
          11          10   1.2177992600192704     
          12           2   4.4602691712006814E-003
          12           5   5.8185171496562401E-003
          12           6   3.3885402744805162E-003
          12          10  0.16244229454482301     
          12          11   1.5684884537519725     
          13           5   1.3174575854186072E-002
          13          10   7.8075203262117912E-003
          13          11   1.0280727164331456     
          13          12   4.4007737568623639E-002
          14          10   1.7382621635212682E-002
          14          11   4.8035419405866100E-003
          14          12   2.6973094292606165E-002
          14          13   1.4191089246572910     
          15          10   1.1609371159130114E-002
          15          11   2.2214680739950858E-002
          15          12   1.8445852867377818E-002
          15          13  0.11849083292316932     
          15          14   1.2094258619986551     
          16          11   8.8431579490999192E-003
          16          13   6.9698719306112667E-003
          16          14   6.9633299819997524E-002
          16          15   1.1970064543111858     
          17          13   1.2378255508969026E-002
          17          14   2.4671651882825857E-002
          17          15   1.4269293047577829E-002
          17          16   1.2993219887072454     
          18          14   2.3284480710265162E-002
          18          15   3.6997774575453217E-002
          18          16   3.6983801912106665E-003
          18          17   1.5304007345580504     
          19          10   2.4918020711035384E-003
          19          12   3.1883266698585671E-003
          19          13   3.8234669107529068E-002
          19          14   1.2232966445510056E-002
          19          15   8.9841425961595042E-003
          19          16   6.4032072160865150E-002
          19          17   3.6992397068011636E-003
          19          18   1.3392937515104548     
          20          11   2.1962162869147263E-003
          20          13   5.1501386927277426E-003
          20          14   3.0200042374652958E-002
          20          15   1.0411223972661140E-002
          20          16   3.4794751999823311E-003
          20          17  0.11909111461658727     
          20          18   2.6197739346184292E-003
          20          19   1.5296714386890049     
          21          10   1.4926591645823484E-002
          21          11   8.3484612081252199E-003
          21          12   1.1278941517772124E-002
          21          13   1.2245636061263514     
          21          14   3.7378242094103009E-002
          21          15   2.8304400202725143E-002
          21          16   1.2314377624368880     
          21          17   4.8493185472706663E-003
          21          18   6.7307528729840221E-002
          21          19   3.7628208143962033E-003
          21          20   1.3086441219058771     
          22          13   9.0599376589713190E-003
          22          14   1.5809897182831493E-002
          22          15  0.93955318526274567     
          22          16   1.8105676242930920E-002
          22          17   2.6043724592620353E-003
          22          21   9.2597839761663879E-003
          23          13   5.8241533894480713E-003
          23          14   7.2248619440306878E-003
          23          15   3.2605714225790441E-003
          23          16   8.8948790422787496E-003
          23          22  0.98331398245857948     
          24          22   2.1022850204396736E-003
          24          23  0.99573036757643685     
          25          24   1.0098408952280997     
          26          22   3.4207021118578007E-003
          26          23   5.0417700284074024E-003
          26          25   1.0124232926717545     
          27          24   2.3276787794170848E-003
          27          26   1.0063645833243366     
          28          15   8.7943685444816580E-003
          28          22   3.4542628662484949E-003
          28          23   1.0008959392257075     
          28          25   9.9949206873993952E-003
          28          27   1.0083751148805606     
          29           1  0.97605472786005398     
          29           3   9.7671274773512076E-003
          29           7   2.2078345142448587E-002
          30           1  0.97946752389372815     
          30           5   9.4600115936226570E-003
          31           1  0.98031003929062566     
          31           4   9.5306341106921790E-003
          32           1   9.5949141078902952E-003
          32           3  0.97969897830433994     
          32          10   4.4898608073020395E-003
          33           3  0.98026689757337238     
          33           5   9.2714543401246474E-003
          34           3  0.98015879169857878     
          34           4   9.4073868583352260E-003
          35           1   9.6956151131056840E-003
          35           4  0.97859966957209377     
          36           3   9.7768084273658993E-003
          36           4  0.97858232306909110     
          37           4  0.98032392512799860     
          37           5   9.8592559009263690E-003
          38           4   7.6727539499702943E-003
          38           5  0.95477051118781719     
          38           6   2.8448125867401781E-003
          38           7   7.0498459492275029E-003
          38           8   6.7170835009882669E-003
          38          12   1.9685770301215041E-002
          39           6   3.3846077067440448E-003
          39           7   6.6208426762142799E-003
          39           8   9.2367023612975382E-003
          39           9  0.97874347007063611     
          40           6   9.8588188275210709E-003
          40           8   1.2212955779844280E-002
          40           9  0.98460156440968494     
          41           6   2.6922123803554904E-003
          41           7   8.9944588640014506E-003
          41           8   7.8296065868483991E-003
          41           9  0.97873607803722429     
          42           8   1.3669465828056622E-002
          42          10  0.94181813516205204     
          42          12   9.6947264011495848E-003
          42          14   1.7065602368777483E-002
          42          38   7.9827470818484118E-003
          43          17  0.96801903957863500     
          43          19   1.1245127008046746E-002
          43          21   1.1080870401578600E-002
          44          16   1.0912017527616941E-002
          44          18  0.97319023581501207     
          44          20   9.7910307699927840E-003
          45          17   9.8317447683214706E-003
          45          19  0.97279232151455453     
          45          21   1.1169464288352061E-002
          46          12   1.1445532472566789E-002
          46          16   1.0974276668671087E-002
          46          18   1.1413726622997793E-002
          46          20  0.96753797752259307     
          47          13   2.5640835623932014E-003
          47          14   3.6871010502633017E-003
          47          16   7.2869817143159125E-003
          47          22  0.96976505747191943     
          47          24   9.5357043027451752E-003
          48          14   8.2228736312041119E-003
          48          22  0.97045131922245553     
          49          14   2.4628066662234953E-003
          49          23  0.97521572491141095     
          49          25   5.8964996444077263E-003
          49          27   1.0453566287370925E-002
          49          48   8.6862653975586599E-003
          50          22   5.7583436410694579E-003
          50          24  0.98006435108885970     
          50          26   9.7862884263481241E-003
          51          24  0.97372799235878371     
          51          28   5.3664469465221441E-003
          51          50   2.2349799236701575E-003
          52          25  0.97552286133630717     
          52          51   8.9093870456767449E-003
          53          23   9.9573808698800743E-003
          53          25  0.97887464550939474     
          53          27   1.0921934841645935E-002
          54          24   1.0767987509815590E-002
          54          26  0.97949601096338146     
          54          28   7.2280300796611196E-003
          55          26  0.97585905312125631     
          55          52   9.8371988650371202E-003
          55          54   2.5438476451180260E-003
          56          25   7.0407411554816359E-003
          56          27  0.98049359247539947     
          57          23   9.3481469638765670E-003
          57          27  0.98030777963797944     
          57          55   6.7625944177053176E-003
          57          56   2.2414643950319892E-003
          58          24   9.8924303754031866E-003
          58          26   9.5565342687722165E-003
          58          28  0.97726830041919632     
          59          22   9.9466655561880300E-003
          59          28  0.97556469890913855     
          59          56   8.6887044571004324E-003
