$coord
         -7.232433877303         -4.537677356030         -2.821404704402     c 
         -7.076283849959         -2.555067162430         -0.739171015268     c 
         -9.092870852515         -0.515626118918         -1.057583557817     c 
         -8.979179528790          1.547588826423          0.966416203833     c 
         -7.082458557013          3.665985432484          0.388748771897     c 
         -4.370945476700          2.831024709389          0.439536788799     c 
         -2.943536139292          2.729290864341         -1.753037110651     c 
         -0.431844525548          1.961742456094         -1.698726162886     c 
          0.943800183614          1.852457909731         -3.875740437204     o 
          0.729568670460          1.283397538385          0.570289788367     c 
          3.449988314572          0.472243333165          0.690773453743     c 
          5.215298579488          2.393368409763         -0.411185418177     c 
          7.643656579887          1.810290238580         -0.618373164523     c 
          9.624725848377          3.520397407337         -1.681514184134     c 
          8.416607112961         -0.770080157188          0.268553557111     c 
          6.666239634178         -2.780454172194         -0.875698983550     c 
          3.837320085299         -2.103705895323         -0.665167595053     c 
          2.319312324119         -4.116534296815          0.675403991634     c 
          0.087688580830         -5.111238137982         -0.753484998134     c 
          2.896637502618         -4.927480591877          2.969509126028     c 
         -0.724476808234          1.392540811768          2.769591595447     c 
          0.391699369229          0.751561706571          5.002575627883     o 
         -3.231994897307          2.159239468434          2.701977053978     c 
         -5.793315327136         -5.979816188577         -2.554766710337     h 
         -9.075964083829         -5.448894574850         -2.818325726498     h 
         -6.945903949545         -3.671458545792         -4.664222227102     h 
         -7.322926226729         -3.470017433998          1.095220084233     h 
         -5.207850611152         -1.688197328817         -0.754387483515     h 
         -8.905415630154          0.346964086387         -2.923624247338     h 
        -10.948375623491         -1.421267691018         -0.983171128025     h 
        -10.844953445148          2.416880639744          1.134951417961     h 
         -8.524211474514          0.690088135372          2.786219827870     h 
         -7.523532369000          4.468496431916         -1.460210831684     h 
         -7.338724507321          5.155572385537          1.798481899221     h 
         -3.789006442630          3.249011619576         -3.542595372190     h 
         -0.081845845014          2.430208081454         -5.267370406784     h 
          3.925301831344          0.198007276694          2.685619744569     h 
          4.461881154786          4.191709233220         -1.003798699763     h 
         11.114676126687          3.840429854343         -0.294847819495     h 
          8.818174199004          5.332109714142         -2.217655585705     h 
         10.489390391124          2.663624451454         -3.343930650977     h 
          8.269099348172         -0.849187817282          2.330121277667     h 
         10.371958227032         -1.179031013602         -0.242818321032     h 
          7.154270708530         -2.993311702724         -2.868774527883     h 
          7.022546637321         -4.590196106182          0.046440292937     h 
          3.084077106066         -1.875910960060         -2.572243460512     h 
          0.708947142481         -6.016606905052         -2.496700326450     h 
         -1.165614849101         -3.559556784203         -1.262842011402     h 
         -0.967073016441         -6.476187028547          0.363005087588     h 
          1.786944280227         -6.346354239936          3.917624116215     h 
          4.492915804397         -4.207513626213          4.004315512167     h 
         -0.834513604840          0.884908664930          6.344014594207     h 
         -4.305446731285          2.241536255730          4.440941249472     h 
$end
