   265
         14          1         14
          3         15         17
         12         18         29
         10         30         39
         27         40         66
         11         67         77
          8         78         85
          2         86         87
          5         88         92
          1         93         93
          8         94        101
          8        102        109
         20        110        129
          6        130        135
          1        136        136
          2        137        138
          9        139        147
         15        148        162
          5        163        167
          7        168        174
          3        175        177
          1        178        178
          1        179        179
          2        180        181
          1        182        182
          1        183        183
          2        184        185
          6        186        191
         12        192        203
          2        204        205
         10        206        215
          5        216        220
          1        221        221
          4        222        225
          2        226        227
          3        228        230
          1        231        231
          3        232        234
          5        235        239
          9        240        248
          1        249        249
          1        250        250
          6        251        256
          6        257        262
          3        263        265
          1        266        266
          1        267        267
          1        268        268
          8        269        276
          1        277        277
          4        278        281
          1        282        282
          2        283        284
          3        285        287
          1        288        288
          1        289        289
          4        290        293
          1        294        294
          1        295        295
          1        296        296
          2        297        298
          1        299        299
          1        300        300
          1        301        301
          1        302        302
          2        303        304
          1        305        305
          8        306        313
          9        314        322
          2        323        324
          1        325        325
         21        326        346
         14        347        360
          4        361        364
          4        365        368
          1        369        369
          2        370        371
          3        372        374
          1        375        375
          3        376        378
          1        379        379
          1        380        380
          4        381        384
          2        385        386
          1        387        387
          5        388        392
         20        393        412
          3        413        415
          3        416        418
          1        419        419
          2        420        421
          1        422        422
          2        423        424
          1        425        425
          1        426        426
          2        427        428
          3        429        431
          1        432        432
          1        433        433
         24        434        457
          3        458        460
         25        461        485
          4        486        489
          4        490        493
          1        494        494
         10        495        504
          2        505        506
          2        507        508
         18        509        526
          1        527        527
          2        528        529
         12        530        541
         18        542        559
          1        560        560
         24        561        584
          3        585        587
          5        588        592
          4        593        596
          1        597        597
          1        598        598
          2        599        600
          3        601        603
          2        604        605
          6        606        611
          1        612        612
          2        613        614
          9        615        623
         16        624        639
         16        640        655
          7        656        662
         13        663        675
          6        676        681
          2        682        683
         19        684        702
          6        703        708
          3        709        711
         32        712        743
          1        744        744
          2        745        746
          2        747        748
          1        749        749
         15        750        764
          9        765        773
          3        774        776
          2        777        778
          5        779        783
         17        784        800
         19        801        819
         19        820        838
          2        839        840
         11        841        851
         21        852        872
         17        873        889
          5        890        894
         13        895        907
         11        908        918
          2        919        920
         10        921        930
          2        931        932
          4        933        936
          2        937        938
          5        939        943
          3        944        946
         11        947        957
         12        958        969
         19        970        988
         10        989        998
          1        999        999
          2       1000       1001
         14       1002       1015
         13       1016       1028
          3       1029       1031
          3       1032       1034
          1       1035       1035
          4       1036       1039
          3       1040       1042
          1       1043       1043
          5       1044       1048
          7       1049       1055
          6       1056       1061
          1       1062       1062
         10       1063       1072
          3       1073       1075
          6       1076       1081
         46       1082       1127
          1       1128       1128
         18       1129       1146
         11       1147       1157
          2       1158       1159
          1       1160       1160
          5       1161       1165
          3       1166       1168
         16       1169       1184
          6       1185       1190
          5       1191       1195
          5       1196       1200
         15       1201       1215
          1       1216       1216
          3       1217       1219
         14       1220       1233
         24       1234       1257
         21       1258       1278
         17       1279       1295
         26       1296       1321
         15       1322       1336
         17       1337       1353
         14       1354       1367
         11       1368       1378
          1       1379       1379
          2       1380       1381
          4       1382       1385
          9       1386       1394
          3       1395       1397
          8       1398       1405
         20       1406       1425
          9       1426       1434
          2       1435       1436
          1       1437       1437
         19       1438       1456
          1       1457       1457
         14       1458       1471
          1       1472       1472
         12       1473       1484
          1       1485       1485
         10       1486       1495
          6       1496       1501
         21       1502       1522
          6       1523       1528
          1       1529       1529
          7       1530       1536
         13       1537       1549
          4       1550       1553
         16       1554       1569
         14       1570       1583
         15       1584       1598
         19       1599       1617
          8       1618       1625
          7       1626       1632
          2       1633       1634
          3       1635       1637
          2       1638       1639
          1       1640       1640
          3       1641       1643
          5       1644       1648
          1       1649       1649
          2       1650       1651
          5       1652       1656
          4       1657       1660
          3       1661       1663
          4       1664       1667
          1       1668       1668
          1       1669       1669
          1       1670       1670
          2       1671       1672
          2       1673       1674
          2       1675       1676
          1       1677       1677
          1       1678       1678
          1       1679       1679
          2       1680       1681
          1       1682       1682
          2       1683       1684
          1       1685       1685
          1       1686       1686
          3       1687       1689
