           2           1   1.0243040281659244     
           3           1   3.3195148426945096E-003
           3           2   1.0137908892328755     
           4           1   1.2205431280956226E-002
           4           2   2.7873053335076394E-003
           4           3   1.0102192976034048     
           5           3   3.4593934737433140E-003
           5           4  0.99404423722308166     
           6           4   2.9410385903473075E-003
           6           5   1.0094079979781134     
           7           2   2.2505257179392937E-003
           7           4   1.1985317521885034E-002
           7           5   6.1862784658150722E-003
           7           6   1.4123352357838852     
           8           5   1.1455338978766702E-002
           8           6   3.1441343976376466E-003
           8           7   1.3451707717360912     
           9           5   2.0594345964895819E-003
           9           6   1.5266744616713956E-002
           9           7   6.3907848506670722E-002
           9           8   1.1192452459526860     
          10           4   4.0720113697050335E-003
          10           6   9.1009022631911393E-002
          10           7   3.6613213812864333E-003
          10           8   1.3439206391759648     
          10           9   5.9167758785300707E-002
          11           7   1.0970634629719155E-002
          11           8   4.5959727180411381E-003
          11           9   2.5728311820921541E-003
          11          10  0.99896564925418896     
          12           6   2.6252805551957646E-003
          12           8   5.8716855852289892E-003
          12          11   1.0038603440799898     
          13          10   7.3204161660915526E-003
          13          11   4.9342932026609247E-003
          13          12   1.8843039596457989     
          14          11   1.7780180068747414E-002
          14          12   8.6932683976791193E-003
          14          13   1.0210835487219188     
          15          11   1.0357656478898518E-002
          15          12   5.8917366131938983E-003
          15          13   1.0141746629448127     
          15          14   5.9925112726762365E-003
          16          10   9.2969829477658229E-003
          16          12   1.7693409179023459E-002
          16          13   2.5949910007267204E-003
          16          14   5.3883678734675576E-003
          16          15  0.99197201106494615     
          17           6   3.6382837674918851E-003
          17           8   7.2221613963752811E-003
          17           9   4.5200591147823701E-003
          17          11  0.93611597279676351     
          17          12   2.4519993691963456E-003
          17          13   1.9494433942777625E-002
          17          16  0.98672953704997246     
          18          11   4.1764077098637407E-003
          18          12   8.4080264089574364E-003
          18          15   3.5315892056998377E-003
          18          16   3.3073854449447567E-003
          18          17   1.0035983239669786     
          19           2   2.6149708320583769E-003
          19          11   2.9337182385273221E-003
          19          16   5.1020869868518984E-003
          19          17   5.8331547336349272E-003
          19          18   1.0229397021671371     
          20          11   2.2370809338506124E-002
          20          16   1.7003910179259171E-002
          20          17   5.4578576950486271E-003
          20          18   1.9298827969952053     
          20          19   9.3756438504218245E-003
          21           5   1.1430757250957517E-002
          21           6   3.1950706921536802E-003
          21           7   7.7304039258601978E-002
          21           8   5.8429697960645163E-003
          21           9   1.3961434813739997E-002
          21          10   1.3411240740202219     
          21          11   3.7897621148338693E-003
          21          12   8.9349263479132583E-003
          21          17   9.5135756555913050E-003
          22           5   2.1094811008362177E-003
          22           6   1.5427470139000810E-002
          22           7   2.8846005249041049E-002
          22           8   1.3602493861736148E-002
          22           9   3.3152232451735494E-003
          22          10   5.7663235702275127E-002
          22          11   5.4297426141316149E-003
          22          21   1.1202836172188211     
          23           4   1.0481152852622071E-002
          23           5   4.9431553115859613E-003
          23           6   1.4070296171660661     
          23           7   1.7352199068565999E-002
          23           8   7.8718917740230113E-002
          23           9   2.9373977000188744E-002
          23          10   3.7157730644777655E-003
          23          11   1.0316143617069546E-002
          23          21   1.3510698602910500     
          23          22   6.5515899050486590E-002
          24           1  0.98343698103455501     
          24           3   1.1193338287702807E-002
          25           1  0.98210161347753477     
          26           1  0.98206481903051090     
          27           2  0.97734085074177013     
          27          26   1.0578291196486957E-002
          28           2  0.97157427546471409     
          28           6   4.1034075473826226E-003
          28           7   2.7267403431110878E-003
          28          25   1.0631213836508059E-002
          28          27   2.8660483174398309E-003
          29           3  0.97444279913467780     
          29          27   9.4896582536829078E-003
          30           3  0.97683554487132995     
          30           5   9.3586308471436692E-003
          30          28   9.8676396121402318E-003
          30          29   2.7426348209155706E-003
          31           2   9.3565256141112559E-003
          31           4  0.97930899081539646     
          31           6   9.7969929498439787E-003
          32           4  0.97463896705005137     
          32          29   8.2882610893141688E-003
          33           5  0.97326105983298761     
          33          23   6.9696810822834094E-003
          33          32   9.2990118598893397E-003
          34           3   1.0365048247828627E-002
          34           5  0.96872756597257459     
          34           7   8.8092576690247202E-003
          34          10   2.3091921751731449E-003
          34          23   2.5784848909839813E-003
          35           7  0.96376602946081413     
          35          10   8.9173967527780076E-003
          35          23   9.6836507807978207E-003
          36           9  0.97620199817597042     
          36          10   7.3728733997681702E-003
          37           8   6.5280152005970735E-003
          37          11  0.94911680709018975     
          37          13   1.5541387538940847E-002
          37          22   1.6407849878961753E-002
          38           9   4.6237575019552170E-003
          38          12  0.96524874205204192     
          38          15   1.5470834879648589E-002
          38          17   3.9021623996189025E-003
          39          12   1.8974990135178615E-002
          39          14  0.96942717065954109     
          40          14  0.97898237787681996     
          40          15   9.7603583083041307E-003
          41          12   1.9570071389655483E-002
          41          14  0.96833985195619054     
          42          12   1.5454579998503139E-002
          42          15  0.96152801225209894     
          43          12   6.7895929029471768E-003
          43          15  0.97646203246033270     
          43          17   1.0211334018643665E-002
          44          11   2.8780801449031883E-003
          44          16  0.97913434327929050     
          44          18   2.7392174789423757E-003
          44          42   8.9666512011462463E-003
          45          11   2.3131325669087767E-003
          45          13   9.1882188154704513E-003
          45          16  0.97528419106282316     
          46           9   1.6593348318527535E-002
          46          15   2.6883817709002019E-003
          46          17  0.97172540799916340     
          46          20   5.7561623210433070E-003
          46          37   7.3657203514257575E-003
          46          45   2.5326408277227363E-003
          47          19  0.96817736966524626     
          47          20   2.0157065852086459E-002
          48          19  0.96625281590077761     
          48          20   1.9520266387552686E-002
          49          17   9.3680520182452421E-003
          49          19  0.97862483558403890     
          50          17   1.6782045354170889E-002
          50          20  0.97507375399794116     
          51          19   1.7139234789558012E-002
          51          20  0.97503530431242946     
          52          10   7.2514539288562677E-003
          52          22  0.97546332746832232     
          53           7   9.7131212922877130E-003
          53          10   9.0732653029062318E-003
          53          23  0.96433601963131832     
