$coord
         10.746534852990          1.116872675765         -5.041921304501     c 
         10.506465891747         -0.472808091438         -2.652748706222     c 
          8.725412336691          0.738521821844         -0.733737547644     c 
          8.483237289834         -0.842952185023          1.665309904091     c 
          6.699538617048          0.366205404036          3.605784686346     c 
          4.040184593012          0.505246718923          2.629503952644     c 
          2.557013085061         -1.646823431132          2.519105723156     c 
          0.122223518786         -1.539291068377          1.548716416173     c 
         -0.954869221678          0.750567149536          0.747691537129     c 
          0.593827154210          2.899983448753          0.801342425310     c 
         -0.290869683611          5.155874153523         -0.081460189246     o 
          3.047917343736          2.752687697505          1.718268954069     c 
         -3.630241610281          0.712774455646          0.046652338516     c 
         -5.130185694126          2.874487515624          0.004178602001     c 
         -7.676657208403          2.765491675086         -0.592880207218     c 
         -9.239239776487          5.126853671433         -0.685513304168     c 
         -8.747499524582          0.434151482300         -1.141159915811     c 
         -7.299529673939         -1.739420475802         -1.058049272754     c 
         -4.755131007093         -1.631541023126         -0.456455335759     c 
         -3.110660457467         -3.967134117056         -0.410123534654     c 
         -4.541164022848         -6.372103533532          0.311986458929     c 
         -1.852405235672         -4.285285945582         -3.012248980680     c 
         -1.183686720158         -3.740251108352          1.478123255673     o 
          8.910903595844          1.349718355568         -5.937950441445     h 
         12.015591517699          0.219529344636         -6.386545664768     h 
         11.488827855575          2.981810133608         -4.596212827332     h 
         12.370989322335         -0.713175592318         -1.798636173845     h 
          9.799131922714         -2.348266422075         -3.146118419858     h 
          6.859596422105          0.967175410071         -1.586295244103     h 
          9.430869823382          2.617619161646         -0.245830307143     h 
         10.347686278541         -1.074276113579          2.521965680324     h 
          7.774767378386         -2.717485116919          1.174949598008     h 
          7.380284024212          2.259151778624          4.064582500723     h 
          6.731647722403         -0.766314670469          5.330886905291     h 
          3.261986780665         -3.444426205789          3.171073993522     h 
          1.047302031480          6.392149048137          0.008383839839     h 
          4.197450272686          4.445966705275          1.735270378220     h 
         -4.295894449319          4.676080575869          0.447973312348     h 
         -9.393204293490          5.792127314557         -2.629923021375     h 
        -11.140212221363          4.773876460883          0.014404263982     h 
         -8.379329003856          6.619386502985          0.434111410088     h 
        -10.727811578183          0.313343013719         -1.625747520452     h 
         -8.176525949486         -3.531680432686         -1.476428576174     h 
         -5.746208740240         -7.001917310576         -1.223347099493     h 
         -5.677129700091         -6.045752033712          1.991738534151     h 
         -3.170509471849         -7.845280950887          0.725529377141     h 
         -0.708300430644         -2.631798993468         -3.444678813402     h 
         -3.289439128539         -4.491030189989         -4.464594303242     h 
         -0.642281749003         -5.946959155290         -3.008357573729     h 
$end
