   93
         90          1         90
          2         91         92
         72         93        164
         85        165        249
         57        250        306
         61        307        367
         76        368        443
         45        444        488
         49        489        537
          1        538        538
         64        539        602
         36        603        638
         53        639        691
         69        692        760
        108        761        868
         41        869        909
         61        910        970
         49        971       1019
         58       1020       1077
         26       1078       1103
        112       1104       1215
          4       1216       1219
          1       1220       1220
         87       1221       1307
          2       1308       1309
         65       1310       1374
         46       1375       1420
         65       1421       1485
         53       1486       1538
         26       1539       1564
         33       1565       1597
          1       1598       1598
         52       1599       1650
         52       1651       1702
          3       1703       1705
          3       1706       1708
         34       1709       1742
         35       1743       1777
         20       1778       1797
         39       1798       1836
         36       1837       1872
         34       1873       1906
         34       1907       1940
         29       1941       1969
          8       1970       1977
         56       1978       2033
         66       2034       2099
          2       2100       2101
          4       2102       2105
         36       2106       2141
          2       2142       2143
          6       2144       2149
          2       2150       2151
          7       2152       2158
          2       2159       2160
          1       2161       2161
          5       2162       2166
          6       2167       2172
          1       2173       2173
          1       2174       2174
          5       2175       2179
          5       2180       2184
          1       2185       2185
          8       2186       2193
          1       2194       2194
          5       2195       2199
          3       2200       2202
          1       2203       2203
          3       2204       2206
          4       2207       2210
          3       2211       2213
          2       2214       2215
          9       2216       2224
         27       2225       2251
          6       2252       2257
          1       2258       2258
          2       2259       2260
          1       2261       2261
         24       2262       2285
         26       2286       2311
         21       2312       2332
         15       2333       2347
         12       2348       2359
         28       2360       2387
         30       2388       2417
         26       2418       2443
          1       2444       2444
          1       2445       2445
          1       2446       2446
          2       2447       2448
          1       2449       2449
          1       2450       2450
          1       2451       2451
