           2           1   1.0244770073309517     
           3           1   3.1980067455505156E-003
           3           2   1.0131898761866063     
           4           1   1.1816471748490256E-002
           4           2   3.1103935555360672E-003
           4           3   1.0133097175755350     
           5           2   1.1848235036462668E-002
           5           3   2.3576860773298464E-003
           5           4  0.99116078599793023     
           6           4   3.2783702552379480E-003
           6           5   1.0105375798543215     
           7           4   1.1116508693732189E-002
           7           5   4.9380599712048837E-003
           7           6   1.4078098423433016     
           8           5   1.1672079314902281E-002
           8           6   3.3668104783008785E-003
           8           7   1.3560739262560035     
           9           4   3.9616384072633124E-003
           9           6   8.0760668871696778E-002
           9           7   4.0402051508462112E-003
           9           8   1.2950550777585159     
          10           5   1.1444851869644687E-002
          10           6   3.2609192698960787E-003
          10           7   7.5190146308034250E-002
          10           8   5.1759273564019985E-003
          10           9   1.3072428742082387     
          11           5   2.0179259102392536E-003
          11           6   1.7164934564750638E-002
          11           7   2.8592930631822513E-002
          11           8   1.2325439694753231E-002
          11           9   5.3829410867316754E-002
          11          10   1.1311158439680864     
          12           4   1.1989601412964993E-002
          12           5   5.8910484760009039E-003
          12           6   1.4083094625673163     
          12           7   1.6237617473983834E-002
          12           8   7.6796020824354286E-002
          12           9   3.7399866475241066E-003
          12          10   1.3529158842286713     
          12          11   6.4908225794214458E-002
          13           7   1.0432354251937392E-002
          13           8   3.8322151480906972E-003
          13           9   1.0760966653877910     
          13          10   4.1802035750956763E-003
          13          11   4.4292328780303732E-003
          13          12   1.0765504628861352E-002
          14           6   8.4410064206106167E-003
          14           8   2.1306063491223742E-002
          14           9   7.0566995687280747E-003
          14          10   1.4376421236715722E-002
          14          11   1.1618510629483972E-002
          14          13   1.3781426778829087     
          15           9   1.1811900756652087E-002
          15          13   2.1206715604228086E-003
          15          14   1.4251336030826307     
          16          13   1.1822498230972875E-002
          16          14   6.8463875973145604E-003
          16          15   1.0185726019318899     
          17           6   6.1347486303241529E-003
          17           8   8.2367417643185482E-003
          17           9   2.6834387169691692E-003
          17          10   8.2298885429812306E-003
          17          11   4.4199371875547127E-003
          17          13   9.6802386300811061E-002
          17          14   2.6119927861635336E-003
          17          15   1.4050574637052733     
          17          16   6.1313646677006797E-003
          18           9   1.1591942604233105E-002
          18          13   2.5842652813379942E-003
          18          14   9.9329193093320417E-002
          18          15   2.1376242966595453E-003
          18          16   1.1820108064390867E-002
          18          17   1.4317729731510669     
          19           6   7.7260578601266745E-003
          19           8   1.5437169947671102E-002
          19           9   5.6905648023754321E-003
          19          10   1.9800272374721751E-002
          19          11   5.0120462748520448E-003
          19          13   1.3363240745468119     
          19          14   2.8128921906424771E-003
          19          15  0.10111907251350144     
          19          17   3.2562589250465261E-003
          19          18   1.4293061265495659     
          20           7   1.3240957680271857E-002
          20           8   4.0330963761001891E-003
          20           9   5.8213856596565665E-003
          20          13   4.2156418561825199E-003
          20          14   1.0622440871555113E-002
          20          17   1.1514816958591901E-002
          20          18   4.5891448538645319E-003
          20          19  0.98599684390638720     
          21           8   1.0382009226179326E-002
          21          13   8.3082270444089779E-003
          21          18   6.8894375810444617E-003
          21          20  0.99995664073322543     
          22           9   2.7481196596098206E-003
          22          13   6.7605228171224926E-003
          22          15   4.2591963906456112E-003
          22          18   1.1968893075362469E-002
          22          19   3.3974958911272913E-003
          22          20  0.98008080122269026     
          22          21   3.4474370444967550E-003
          23           6   1.4991114626231520E-002
          23           7   4.8616277827757487E-002
          23           8   1.1128468067034165     
          23           9   5.7357785328191455E-002
          23          10   1.2497097384004660E-002
          23          11   3.2039018561584513E-003
          23          12   2.6012522101441730E-002
          23          13   1.0866870959521760E-002
          23          14   5.1782521087732816E-003
          23          15   2.0055999687713980E-003
          23          17   4.6507814293754914E-003
          23          18   1.0258008166050422E-002
          23          19   1.7625703320056616E-002
          23          20  0.93927734561413190     
          23          21   6.4755514321843816E-003
          23          22   1.7970979669770185E-002
          24           1  0.98214460550181193     
          25           1  0.98337186781246866     
          25           3   1.1160687183792229E-002
          26           1  0.98211641651079484     
          27           2  0.97769573330068271     
          27          24   1.0591204541794434E-002
          28           2  0.97781393776310488     
          28          26   1.0598571080675105E-002
          28          27   2.7538110005294585E-003
          29           3  0.97441194604808656     
          29          27   9.6845768999174846E-003
          30           3  0.97583229084385259     
          30          28   9.6736830935667574E-003
          30          29   2.8095714013425623E-003
          31           4  0.97730733164429806     
          31           6   9.6527800945318699E-003
          31          29   9.8113412886814515E-003
          32           4  0.97551585618734715     
          32          30   9.6050658573693885E-003
          32          31   2.2304038300230249E-003
          33           5  0.97368303942393530     
          33           7   7.0617544878930792E-003
          33          32   9.4666265199708586E-003
          34           3   1.0139752812424657E-002
          34           5  0.97095558456799747     
          34          12   8.3585531658701816E-003
          35           7  0.96538614570973391     
          35           9   9.3707627506464889E-003
          35          12   9.9654371095654545E-003
          35          23   4.6272787181104022E-003
          36           9   7.4519417285340310E-003
          36          11  0.97434528843196599     
          37           7   9.6513289818919209E-003
          37           9   8.9159064106364254E-003
          37          12  0.96323828595070904     
          38          11   2.7452468901020446E-002
          38          14  0.96087521505274809     
          38          17   9.7832295259130137E-003
          38          19   9.8544072150442662E-003
          39          14   9.5557305012491135E-003
          39          16  0.96641897949069033     
          39          17   7.5985335304215376E-003
          39          19   4.3321297854944816E-003
          40          14   8.7018734978530458E-003
          40          16  0.97596448476221609     
          41          16  0.97869808381057555     
          41          17   7.9041124447469888E-003
          42          14   9.8645152739847471E-003
          42          17  0.97038715944224152     
          42          19   1.0403186718814086E-002
          43          13   1.0015004933489195E-002
          43          15   1.0446762265260782E-002
          43          18  0.96825566187953294     
          44          21  0.97783655980513218     
          44          23   9.1210575173104221E-003
          45          21  0.97999974812905122     
          45          22   9.2667755495910251E-003
          46          19   8.3560718125017027E-003
          46          21  0.97745649885286445     
          46          23   6.1713345407348385E-003
          47          21   9.2270348266390561E-003
          47          22  0.97765408849714486     
          48          22  0.97819593751456035     
          48          23   1.0026445538819026E-002
          49          19   8.3415611770203315E-003
          49          22  0.97952094983373872     
          49          23   3.7780817335190844E-003
