$coord
          6.027164721881          2.136727495304         -3.563631093016     c 
          6.700038359348          0.664168809506         -1.163467675327     c 
          6.983123152199         -2.206660889630         -1.686590771122     c 
          4.659756824942         -3.561968386784         -0.569695981846     c 
          2.820718085985         -1.391080507611         -0.123357289677     c 
          4.535352379128          0.752577013715          0.837015346325     c 
          3.006160047880          3.114057106515          1.097829887512     c 
          0.490352623173          3.056543786141          1.327918264587     c 
         -0.980691681964          0.748298110570          1.099039346113     c 
         -3.435394720206          0.733933115477          0.357232959378     c 
         -5.000796492525          3.122350492297          0.258994789076     c 
         -7.474745524626          2.844425800293         -1.194158527801     c 
         -8.853075307282          0.423788140928         -0.523198330243     c 
        -11.113217167354          0.335084801355         -0.149369519864     o 
         -7.201178370427         -1.772351371263         -0.587015071329     c 
         -4.671076254445         -1.606370839115         -0.312585046021     c 
         -2.984482165265         -3.833069711136         -0.784759886074     c 
         -1.040265367899         -4.060072167834          1.320459979998     c 
          0.510855288885         -1.640394048060          1.597737065007     c 
          5.713975803301          0.256368435279          3.452331495696     c 
          9.044066087668          1.543729595742         -0.234464718768     o 
          5.725301693904          4.125342975402         -3.126718757001     h 
          7.583299178006          1.989240085332         -4.900309023037     h 
          4.328086630474          1.406777374032         -4.451025328775     h 
          8.734858637247         -2.845589993416         -0.817320872540     h 
          7.129766848678         -2.536818357752         -3.712196369586     h 
          5.118208247573         -4.519089680882          1.194651966813     h 
          3.909016844884         -4.961164752024         -1.879049895425     h 
          2.112805526184         -0.815185062443         -1.983117837466     h 
          4.009039292154          4.888662035148          1.253819454507     h 
         -0.521581474178          4.809607085609          1.586590935551     h 
         -5.432847267543          3.668751338994          2.208959371279     h 
         -3.915792295804          4.654231125881         -0.592912898253     h 
         -7.087317085978          2.754469896687         -3.223766017000     h 
         -8.702515166329          4.463863641959         -0.849647013415     h 
         -8.093056898038         -3.576687368401         -0.933098607410     h 
         -2.016465416643         -3.535278460096         -2.588102312415     h 
         -4.096628061802         -5.561228449534         -0.938147636093     h 
         -2.043374279173         -4.414653784111          3.090381801574     h 
          0.213638429043         -5.658405972105          0.977843279375     h 
          1.159287394452         -1.566073705098          3.560071023858     h 
          6.935439854710          1.832036423896          3.950704832699     h 
          4.275037716582          0.096995410452          4.908505986317     h 
          6.860985058858         -1.441770066991          3.439569092582     h 
          8.973395174137          3.357506559176         -0.093666816029     h 
$end
