           2           1   1.0014819057677526     
           3           1   3.1524039217978106E-003
           3           2  0.98114300864611736     
           4           2   2.0584917006201374E-003
           4           3   1.0032939573677804     
           5           1   6.4709133811986204E-003
           5           2   7.6196898394203993E-003
           5           3   4.1567166755246835E-003
           5           4  0.99654028492955660     
           6           1   2.5087629326177299E-003
           6           2  0.94373786691339823     
           6           3   4.2268708902906474E-003
           6           4   4.6134216246436401E-003
           6           5  0.97178372267889579     
           7           1   2.6967451665562965E-003
           7           2   2.2760843373936831E-003
           7           3   8.6244366794476935E-003
           7           4   8.6425819733755606E-003
           7           6   1.0174230307752281     
           8           2   1.7085183707224148E-002
           8           5   3.9320101943584058E-003
           8           6   5.0781908477567509E-003
           8           7   1.8141367137315918     
           9           4   9.6596856724441640E-003
           9           5   5.3888282261160122E-003
           9           6   3.6870004876385330E-003
           9           7   3.8919357431503898E-003
           9           8   1.1140269960457012     
          10           4   2.4395693018701729E-003
          10           5   1.6714699428368389E-002
          10           7   9.5106112515484037E-002
          10           8   3.3114703843701494E-003
          10           9   1.6518804455803371     
          11           8   6.9779426712024400E-003
          11           9   6.7951524715791928E-003
          11          10  0.99097990439545380     
          12           9   1.0096732921618688E-002
          12          11  0.99933532015731397     
          13           7   2.7615911907743992E-003
          13           9   7.0132269728371902E-003
          13          10   8.6678600036937357E-003
          13          11   5.9800251517946115E-003
          13          12  0.96773978967217766     
          14           7   7.0512088291736236E-003
          14           9   1.8916438506522155E-002
          14          11   1.5561072818105041E-002
          14          12   5.4884795803229261E-002
          14          13   1.7557649041203454     
          15           5   4.2628977163612853E-003
          15           7   2.7894806600689249E-002
          15           9   9.6299226407208061E-002
          15          10   3.9209239465227549E-003
          15          11   5.5707288158535250E-003
          15          12   1.0862519414857164E-002
          15          13   1.0932516940007766     
          15          14   5.1604190245571169E-002
          16           7   2.7363539999763595E-003
          16           8   1.6440260558990887E-002
          16           9   8.4525226998660892E-003
          16          10   1.1337409898818498     
          16          11   5.0353289488928180E-003
          16          12   6.6030843359794590E-003
          16          13   1.9600400944581150E-002
          16          14   7.1870302442977971E-002
          16          15   1.6708481070936054     
          17           9   5.0942193617670361E-003
          17          10   4.4413827834172588E-003
          17          11   1.1263051693912157E-002
          17          13   1.4943448766593394E-002
          17          14   3.4022969540554349E-003
          17          15   7.2026333043963449E-003
          17          16   1.0068174779760695     
          18           4   3.0775198604922924E-003
          18           6   1.0829393149761415E-002
          18           8   8.9685590998636738E-003
          18          10   3.6725739003332447E-003
          18          15   1.5376752769185707E-002
          18          16   2.9236026337036095E-003
          18          17   1.0001247698377136     
          19           2   9.2824615382431797E-003
          19           3   1.0917780741501178E-002
          19           4   2.8629698207142278E-003
          19           5  0.97290720030518996     
          19           7   3.4138160098039633E-003
          19           8   3.7922417213906985E-003
          19           9  0.98902396490723965     
          19          10   5.7364367138747338E-003
          19          11   1.6454968106932543E-002
          19          16   4.6289384350490974E-003
          19          18  0.99516943171945293     
          20           1   7.7748758282038992E-003
          20           4   4.4396167989420110E-003
          20           6  0.97942872708760809     
          20           7   6.9372084426183346E-003
          20           8   2.4681867485922760E-002
          20          10   5.1859428303291429E-003
          20          19   9.8753963626326581E-003
          21           1   2.1538889137071457E-002
          21           2  0.98444995665398516     
          21           3   7.8469197563081575E-003
          21           4   5.2539427038133611E-003
          21           5   7.7377815678240274E-003
          21           6   2.5081759367609723E-002
          21           8   2.0487205737329465E-003
          21          20   5.4991263529956197E-003
          22           1  0.97651511674793690     
          22           3   1.0109701532350711E-002
          23           1  0.97923898155181133     
          23           6   9.6211564490340483E-003
          23          21   6.1160785126757305E-003
          24           1  0.97274203822770067     
          24          21   1.1132556444404794E-002
          25           1   4.5646918892172303E-003
          25           3  0.97592117099049080     
          25           5   4.9049239661989735E-003
          25          21   9.3125450705339417E-003
          26           3  0.97822186153709767     
          26           6   4.1555694627224658E-003
          26          25   2.1832822397969505E-003
          27           4  0.97549203497504045     
          27          26   5.4528721663211757E-003
          28           2   5.4411653222857011E-003
          28           4  0.97926383740277889     
          28           6   9.0740682659742472E-003
          28          27   2.0694578285198198E-003
          29           5  0.96167519399179746     
          29          20   8.9332395242354770E-003
          29          24   2.3238168908157491E-003
          29          27   8.9560488429784573E-003
          30           5   8.7556391477377777E-003
          30           7  0.96961485884594067     
          30           9   1.3825013748427675E-002
          31           6   1.4925728727012037E-002
          31           8  0.96367577686249439     
          31          19   8.9458660853802049E-003
          32           7   3.2174965245307607E-003
          32           9   1.3822583129243489E-002
          32          11  0.96181682879461039     
          33           9   3.2741017496214202E-003
          33          11  0.96794558762741290     
          33          13   9.5650086235586802E-003
          33          16   7.0207228221634294E-003
          34          12  0.95698903071298191     
          34          13   6.1699619097348203E-003
          34          14   1.4923428417961229E-002
          34          32   9.8133376378659268E-003
          35          10   9.5743310623901800E-003
          35          12  0.97261553147016611     
          35          14   6.7578901556495288E-003
          35          15   6.6814335294042900E-003
          36          10   1.2199405635741780E-002
          36          12   8.6322164507971547E-003
          36          14   5.3906912611643978E-003
          36          15  0.96079537602801179     
          37          14   2.6977658510301734E-003
          37          15   1.4477173942041113E-002
          37          16   2.2287887060226208E-003
          37          17  0.95726383603640941     
          38          10   7.4161185641684040E-003
          38          17  0.97325024517869496     
          38          19   1.0731356905835517E-002
          39           5   8.5183167436962588E-003
          39          18  0.97557820037100140     
          39          37   1.0378428737656389E-002
          40           9   8.4824398170684680E-003
          40          16   9.9826991004135692E-003
          40          18  0.97446910904776152     
          41          10   1.2880857232922484E-002
          41          17   8.9476850653818531E-003
          41          19  0.95270554983984945     
          41          29   8.2514416050983742E-003
          42           5   9.8815367423484395E-003
          42          20  0.97646487731377607     
          42          21   1.3025176531878275E-002
          43           2   9.4207212488035506E-003
          43          20  0.97237031699040299     
          43          41   5.3967627430956113E-003
          44           7   8.1137784217374959E-003
          44           8   2.4651358144738879E-003
          44          20  0.97648747943661918     
          44          21   3.2430456684205394E-003
          45           3   9.2628069915834076E-003
          45          21  0.97934219372030107     
