$coord
        -10.295310168654         -4.167173934656          1.205314636797     c 
        -10.138413000512         -1.601134373694         -0.091215144098     c 
         -8.693693360246          0.308577109994          1.518560798063     c 
         -8.517063848793          2.926924008696          0.313141193583     c 
         -6.762360059614          3.025185488596         -1.996353274639     c 
         -4.092182724530          2.361497673473         -1.302296993130     c 
         -2.571319090274          4.123607323191         -0.088550427964     c 
         -0.116473305948          3.526513617967          0.601016884559     c 
          1.370271815314          5.242280364277          1.830526462849     o 
          0.895530764006          1.145028008667          0.077579148333     c 
         -0.679798362483         -0.653462155327         -1.027675397919     c 
         -3.137247510902         -0.029198342553         -1.740464256920     c 
          0.038446968678         -3.080670485591         -1.470643157160     o 
          2.238757167620         -3.978872343206         -0.175975281929     c 
          1.554904492758         -4.455169175829          2.596966227910     c 
          2.907051516421         -6.469180265779         -1.481031854582     c 
          4.345430808639         -2.009628408052         -0.525939124773     c 
          6.973585473932         -2.829759126130          0.371847062270     c 
          8.591912308735         -0.576975195309          1.272751601312     c 
          7.915085756832          1.843584354196         -0.052761606190     c 
         10.022626467076          3.471084763519         -0.996532917108     c 
          5.482677261547          2.409917898827         -0.264762319850     c 
          3.595657765961          0.518320033185          0.699370852585     c 
        -11.332931125361         -5.507533743283          0.042438113073     h 
         -8.409762695834         -4.917008016000          1.535583786440     h 
        -11.252065633871         -4.005333330677          3.018280636495     h 
         -9.202467053957         -1.829379757725         -1.913466983017     h 
        -12.044907385482         -0.891277017459         -0.448174684071     h 
         -6.788390350171         -0.399304530983          1.875137463438     h 
         -9.648278294135          0.485893549935          3.342012783040     h 
         -7.813032167097          4.257594466781          1.725964647382     h 
        -10.403442633414          3.548038054227         -0.252590561067     h 
         -7.448830445238          1.732180194256         -3.444941705440     h 
         -6.815960107647          4.937612627838         -2.773778320171     h 
         -3.302973638891          5.989973535821          0.321163386164     h 
          0.426996377816          6.783036186169          2.071461745336     h 
         -4.269889433394         -1.469736235595         -2.631787835243     h 
          3.203624158105         -5.036572370301          3.671604098459     h 
          0.764521977942         -2.759576125913          3.445904606028     h 
          0.141207056338         -5.943650940864          2.701333740594     h 
          3.470912599963         -6.118140935336         -3.424412988095     h 
          1.256604722858         -7.691588389776         -1.497032707049     h 
          4.435779477076         -7.415148280628         -0.493643106552     h 
          4.436633791271         -1.655155469114         -2.568053301251     h 
          7.942709077543         -3.781518236508         -1.178546502439     h 
          6.818174596265         -4.180139318554          1.921642033827     h 
          8.271956481492         -0.304783994073          3.298899349453     h 
         10.590095767844         -1.014200208169          1.019271777158     h 
         11.127560945051          2.459781731244         -2.411247250294     h 
         11.289530881925          3.970849307933          0.548836418492     h 
          9.292797214745          5.196750488183         -1.837702139707     h 
          4.821393529814          4.100053314127         -1.184334753895     h 
          3.808714164120          0.376890479896          2.760557834072     h 
$end
