   229
         49          1         49
          2         50         51
         42         52         93
         44         94        137
         31        138        168
         40        169        208
         29        209        237
         46        238        283
         55        284        338
         29        339        367
         31        368        398
         60        399        458
         48        459        506
          2        507        508
          8        509        516
         31        517        547
         24        548        571
         36        572        607
         25        608        632
         32        633        664
         43        665        707
         65        708        772
          7        773        779
         44        780        823
          1        824        824
          7        825        831
          4        832        835
          1        836        836
         25        837        861
         36        862        897
         45        898        942
         31        943        973
         31        974       1004
          1       1005       1005
         50       1006       1055
          5       1056       1060
          3       1061       1063
         29       1064       1092
         15       1093       1107
          1       1108       1108
         14       1109       1122
         22       1123       1144
          1       1145       1145
          7       1146       1152
          1       1153       1153
         10       1154       1163
          1       1164       1164
          6       1165       1170
         23       1171       1193
         31       1194       1224
         27       1225       1251
         29       1252       1280
         38       1281       1318
          9       1319       1327
          1       1328       1328
         26       1329       1354
         27       1355       1381
          7       1382       1388
          1       1389       1389
          2       1390       1391
          1       1392       1392
          1       1393       1393
          1       1394       1394
          1       1395       1395
          4       1396       1399
          2       1400       1401
          6       1402       1407
          1       1408       1408
          2       1409       1410
          3       1411       1413
          3       1414       1416
          1       1417       1417
          3       1418       1420
          2       1421       1422
          1       1423       1423
          1       1424       1424
          2       1425       1426
          4       1427       1430
          1       1431       1431
          2       1432       1433
          6       1434       1439
          2       1440       1441
         16       1442       1457
          1       1458       1458
          7       1459       1465
         16       1466       1481
          5       1482       1486
          2       1487       1488
         21       1489       1509
          1       1510       1510
          5       1511       1515
          1       1516       1516
          4       1517       1520
          8       1521       1528
          1       1529       1529
          2       1530       1531
         12       1532       1543
         19       1544       1562
          1       1563       1563
          4       1564       1567
          2       1568       1569
          1       1570       1570
         21       1571       1591
          1       1592       1592
         13       1593       1605
          5       1606       1610
          4       1611       1614
          5       1615       1619
          1       1620       1620
         11       1621       1631
          3       1632       1634
          4       1635       1638
          1       1639       1639
         18       1640       1657
         18       1658       1675
         18       1676       1693
         25       1694       1718
          1       1719       1719
         23       1720       1742
          1       1743       1743
          2       1744       1745
          8       1746       1753
          2       1754       1755
          1       1756       1756
         11       1757       1767
         15       1768       1782
          1       1783       1783
         10       1784       1793
         16       1794       1809
          2       1810       1811
         15       1812       1826
          1       1827       1827
         11       1828       1838
          7       1839       1845
         17       1846       1862
         10       1863       1872
          3       1873       1875
         14       1876       1889
         29       1890       1918
          8       1919       1926
         16       1927       1942
          4       1943       1946
          9       1947       1955
          6       1956       1961
          2       1962       1963
          9       1964       1972
          2       1973       1974
         21       1975       1995
         20       1996       2015
         14       2016       2029
         11       2030       2040
          3       2041       2043
         16       2044       2059
         14       2060       2073
          3       2074       2076
         12       2077       2088
          7       2089       2095
          7       2096       2102
          4       2103       2106
          7       2107       2113
          8       2114       2121
          7       2122       2128
          3       2129       2131
         14       2132       2145
          8       2146       2153
          4       2154       2157
          2       2158       2159
          8       2160       2167
          1       2168       2168
          1       2169       2169
          1       2170       2170
         10       2171       2180
          1       2181       2181
          4       2182       2185
          1       2186       2186
          1       2187       2187
          6       2188       2193
         18       2194       2211
          1       2212       2212
         13       2213       2225
          3       2226       2228
          1       2229       2229
         19       2230       2248
          1       2249       2249
         11       2250       2260
          9       2261       2269
          3       2270       2272
          2       2273       2274
          2       2275       2276
          3       2277       2279
          1       2280       2280
          4       2281       2284
          9       2285       2293
          1       2294       2294
          2       2295       2296
          3       2297       2299
          4       2300       2303
          1       2304       2304
          2       2305       2306
          4       2307       2310
          5       2311       2315
          2       2316       2317
          1       2318       2318
          4       2319       2322
          1       2323       2323
          3       2324       2326
          1       2327       2327
          3       2328       2330
          1       2331       2331
          9       2332       2340
          1       2341       2341
          2       2342       2343
          8       2344       2351
          1       2352       2352
          2       2353       2354
          5       2355       2359
          8       2360       2367
          6       2368       2373
          4       2374       2377
          1       2378       2378
          1       2379       2379
          1       2380       2380
          3       2381       2383
          1       2384       2384
          1       2385       2385
          1       2386       2386
          3       2387       2389
          1       2390       2390
          1       2391       2391
