           2           1   1.0244250747797217     
           3           1   3.3006600352980505E-003
           3           2   1.0136979683032288     
           4           1   1.2167323098405380E-002
           4           2   2.4977346448450868E-003
           4           3   1.0112605953788647     
           5           2   3.7925954063816486E-003
           5           4  0.99156510349519189     
           6           4   3.0477963422380601E-003
           6           5   1.0099563084620904     
           7           4   1.1005465265505407E-002
           7           5   5.0266404376412928E-003
           7           6   1.3973617399781642     
           8           5   1.1266018204788954E-002
           8           6   3.2390758556267037E-003
           8           7   1.3595808356703276     
           9           5   2.1098672485036201E-003
           9           6   1.5517433314857878E-002
           9           7   6.6548895601444821E-002
           9           8   1.1161520815909178     
          10           4   4.4830998461845998E-003
          10           6   9.0795049992315358E-002
          10           7   3.6380125406398835E-003
          10           8   1.3345989732735219     
          10           9   5.6987300806444860E-002
          11           5   1.1755567160995413E-002
          11           6   3.1970456628201286E-003
          11           7   7.8154946859985738E-002
          11           8   6.0636384311840473E-003
          11           9   1.4033573607097767E-002
          11          10   1.3490727106202878     
          12           4   1.2798267917771874E-002
          12           5   5.5755688646562680E-003
          12           6   1.4286994866494249     
          12           7   1.7269478294531175E-002
          12           8   7.8331147383726416E-002
          12           9   2.8896250780154557E-002
          12          10   3.7539310134097905E-003
          12          11   1.3289187776181410     
          13           6   1.2961599011001586E-002
          13           7   2.8553524424050011E-002
          13           8   1.4570293630548422E-002
          13           9   4.0671471302437525E-003
          13          10   6.8360245249162413E-002
          13          11   1.1045051834246413     
          13          12   4.6922513735484589E-002
          14          10   3.7829945016897900E-003
          14          11   3.6985018556555424E-003
          14          12   1.2538197686190904E-002
          14          13  0.94154515564552321     
          15          10   2.5292901545395986E-003
          15          11   3.0513230685329314E-003
          15          13   1.4405353052213982E-002
          15          14  0.99908325030548362     
          16          11   1.0857223630927944E-002
          16          13   5.7572537228693255E-003
          16          14   1.0021503170073398     
          16          15   3.6402361139784003E-003
          17           8   8.1569562927989621E-003
          17          10   2.0644705497319693E-003
          17          11   4.3745316452813146E-003
          17          13   1.3831264710672085E-002
          17          14  0.97616123433668966     
          17          15   2.4768863028359596E-003
          17          16   2.8758560935726362E-003
          18          10   9.2759903877512109E-003
          18          13   1.2163234944876401E-002
          18          14   2.0659093684236816E-003
          18          15   5.3696599768503677E-003
          18          16   2.2618169559192637E-003
          18          17  0.99988415409473153     
          19          14   8.5595688509783798E-003
          19          18  0.98909985341895201     
          20          10   7.1684708770740372E-003
          20          14   2.6716960857987191E-003
          20          17   2.1031111333123263E-002
          20          18   2.0553363480807891E-003
          20          19   1.0133443022998774     
          21          18   6.2476794699080481E-003
          21          19   5.9571771027991721E-003
          21          20   1.0207456099398384     
          22           6   2.5227475784928666E-003
          22           8   5.3820957804110873E-003
          22           9   2.5879757230422608E-003
          22          11   1.0124612734407668E-002
          22          14   9.0999139387983770E-003
          22          17   4.2045938426553339E-003
          22          18   1.5246933271056719E-002
          22          19   6.1836197227221248E-003
          22          20   1.8865830773761583     
          22          21   8.5835531038462171E-003
          23           7   1.0512759330592895E-002
          23           8   4.4877288945049691E-003
          23           9   2.7159674199174776E-003
          23          10  0.99411736376706994     
          23          11   4.4862434132779691E-003
          23          12   1.0399320326508246E-002
          23          13   4.4631943335195767E-003
          23          15   3.4060739109230236E-003
          23          16   1.0176283504548004E-002
          23          17  0.96601060227481783     
          23          19   8.9094733696352575E-003
          23          20   5.5328150972146495E-003
          23          21   1.7952360199545131E-002
          23          22  0.99892223113544065     
          24           1  0.98344241834351576     
          24           3   1.1160352765960176E-002
          25           1  0.98216820936948224     
          26           1  0.98190611507325842     
          27           2  0.97548440179717588     
          27          26   1.0529033731564863E-002
          28           2  0.97756811345515437     
          28          25   1.0599702576623063E-002
          28          27   2.6741160913963881E-003
          29           3  0.97323138662982112     
          29          12   2.3824606054085582E-003
          29          28   9.5376102450821908E-003
          30           3  0.97720535755784232     
          30           5   1.0612900245843594E-002
          30          27   9.8227017806502420E-003
          30          29   2.1944968661038928E-003
          31           2   1.0358146624094750E-002
          31           4  0.97703054279879664     
          32           4  0.97682581451968742     
          32           6   9.5510988886193249E-003
          32          29   9.5104804214869287E-003
          33           5  0.97166556641011403     
          33           7   7.1704953894651145E-003
          33          31   9.6143635945005138E-003
          34           3   1.0382997824944342E-002
          34           5  0.97170391655681621     
          34          12   8.2379483799340757E-003
          35           7  0.96433375958090073     
          35          10   9.1497982955573310E-003
          35          12   9.5681413055921788E-003
          36           9  0.97737610983295986     
          36          10   7.2565638929454586E-003
          37           7   1.0054263443769963E-002
          37          10   8.8287200592902446E-003
          37          12  0.96552689332682773     
          37          13   4.5076452282915274E-003
          38          13   1.0302270170991574E-002
          38          15  0.97489539824008253     
          39          15  0.97658354598495278     
          39          16   9.1862362804307502E-003
          40          13   3.3016525320893331E-003
          40          15  0.97888902642738740     
          40          17   9.5459460905312141E-003
          41          13   2.4420205667283921E-003
          41          15   9.2803060599316364E-003
          41          16  0.97961673694879059     
          42          13   4.0014592459054416E-003
          42          16  0.97832467357799391     
          42          17   8.9650781233575963E-003
          43          13   9.4252600755015490E-003
          43          16  0.97910747030885636     
          44          13   4.5775761147087094E-003
          44          15   8.5323428199401558E-003
          44          17  0.96754713364019596     
          45          18  0.98013149562962631     
          45          23   7.1440022995287265E-003
          46          18  0.97339732402101053     
          46          20   7.3665745638699983E-003
          46          44   6.9803544390385905E-003
          46          45   2.1257146901823495E-003
          47          19  0.96201820435458263     
          47          22   1.7138735077560998E-002
          47          45   6.8588722401407764E-003
          48          17   8.1387255923990511E-003
          48          19  0.97716403037303090     
          48          22   7.1477254178054870E-003
          49          21  0.96845092007306210     
          49          22   1.9557610079707008E-002
          50          21  0.96972067821273733     
          50          22   1.8846726530023093E-002
          51          19   9.7085616581776002E-003
          51          21  0.97893245949093510     
          52           9   1.0552534435502341E-002
          52          17   3.2350001174378138E-003
          52          19   1.5501755387713636E-002
          52          22  0.96516805585042875     
          53           6   3.1533168463540786E-003
          53           8   4.3296250358444421E-003
          53          11   7.3843936751350238E-003
          53          20   1.2929590709112712E-002
          53          23  0.94617427525426423     
          53          44   8.0273603976797996E-003
