$coord
          7.323018626166         -4.221361867648          2.128500889785     c 
          6.369582235330         -3.212824394412         -0.407428508908     c 
          7.503205114079         -0.583034433339         -0.969206734664     c 
          6.124872851323          2.079531760313          0.724774969472     s 
          5.667929967051          1.319232981713          3.319128510273     o 
          7.750143486474          4.210501132610          0.345711556791     o 
          3.071848951695          2.804696492982         -0.624247017682     c 
          1.390736656864          4.024567476652          0.967444329434     c 
         -0.990373179734          4.673066740446          0.108110322839     c 
         -1.635024754933          4.055799259398         -2.353725069093     c 
          0.038621909147          2.856657175369         -3.971230238852     c 
          2.427666185688          2.247029524024         -3.094059527775     c 
         -3.946446971159          4.641721904809         -3.196725605150     f 
          3.458688964443         -3.036033519312         -0.535581748536     c 
          2.395976741398         -3.683205274172         -2.465747066905     o 
          2.321099669824         -2.173624927737          1.582775969971     n 
         -0.220184028619         -1.602932258457          1.928152089562     c 
         -2.053922202890         -2.036617151302          0.086899277220     c 
         -4.534379171050         -1.356283880239          0.547811705706     c 
         -5.239225986923         -0.273144445260          2.854954891296     c 
         -3.391431424387          0.133070327647          4.694955236322     c 
         -0.915197126054         -0.515954487796          4.231186716864     c 
         -7.774139761352          0.404646375182          3.375997405727     c 
         -9.802787563839          0.968213547998          3.874128874776     n 
         -6.527627990162         -1.799432614362         -1.437315035083     c 
         -7.873028685246          0.285802900647         -1.937079014697     f 
         -8.187283673296         -3.586302601824         -0.727913887644     f 
         -5.548311947283         -2.564852058978         -3.642101718871     f 
          7.139169876723         -4.861817867153         -2.339900186497     o 
          7.264668795190         -2.771481335356          3.578478293459     h 
          9.268573265453         -4.830892901668          1.873139647477     h 
          6.213370470683         -5.849447851493          2.711445625017     h 
          9.494010896744         -0.553393962536         -0.447509254339     h 
          7.360178359026         -0.146516100690         -2.971968168292     h 
          1.978824656214          4.451555459745          2.871086903878     h 
         -2.335134826765          5.631979575905          1.301012591843     h 
         -0.534717753872          2.416498276185         -5.875816761561     h 
          3.746125075284          1.335279212671         -4.349505408016     h 
          3.484024760494         -1.483233458698          2.957866070615     h 
         -1.536757665070         -2.885317178845         -1.690655171741     h 
         -3.930855020042          0.962993804910          6.477907799533     h 
          0.515817577200         -0.179707880590          5.645703753269     h 
          5.705683054706         -5.103346214475         -3.468417576585     h 
$end
