   32
         14          1         14
          4         15         18
          5         19         23
          1         24         24
          1         25         25
         10         26         35
          1         36         36
          1         37         37
         13         38         50
          2         51         52
          2         53         54
          1         55         55
          1         56         56
         18         57         74
         12         75         86
          1         87         87
         17         88        104
          9        105        113
          9        114        122
         13        123        135
          8        136        143
          1        144        144
          6        145        150
          1        151        151
          1        152        152
          1        153        153
          1        154        154
         15        155        169
         14        170        183
          3        184        186
          1        187        187
          1        188        188
