           2           1  0.99613611677304881     
           3           1   2.9852389391880406E-003
           3           2  0.95962432925196706     
           4           2   7.0259022734523655E-003
           4           3  0.79220619237301371     
           5           1   4.8528853418328445E-003
           5           3   8.3416772928301033E-002
           5           4   1.5984797017344547     
           6           2   1.0473075520254324E-002
           6           3   8.0201692692230042E-002
           6           4   1.6795441269168236     
           6           5  0.12341924240871524     
           7           3   7.1738736210641710E-002
           7           4  0.79355710453883865     
           7           5   7.4500366802496887E-002
           7           6   7.6623346586852104E-002
           8           3   6.0375749989609344E-003
           8           4   1.5401150747260863E-002
           8           5   4.9124802383028986E-003
           8           6   9.1167916194224517E-003
           8           7   1.3998224037245464     
           9           3   2.7458116092131390E-003
           9           4   1.1407827328302004E-002
           9           7   3.5414764880204912E-003
           9           8   1.4507378017073354     
          10           4   3.7938611074506330E-003
          10           6   3.9500596756582435E-003
          10           7   9.5091701465678927E-002
          10           8   4.9140522485246656E-003
          10           9   1.3841529972987106     
          11           4   1.0440465080784134E-002
          11           5   3.1212666267362893E-003
          11           6   2.0735124335218417E-003
          11           7   3.6151913094591257E-003
          11           8  0.10759113565804712     
          11           9   6.0110734381740591E-003
          11          10   1.3872782038177978     
          12           3   5.2705625624323406E-003
          12           4   1.0845588956085056E-002
          12           5   9.7775741128374293E-003
          12           6   9.9220181596065601E-003
          12           7   1.4099462358542234     
          12           8   2.4699091727570870E-003
          12           9  0.10727978122340434     
          12          10   4.9030501357506789E-003
          12          11   1.4447109670954079     
          13           7   1.8446828238910470E-002
          13           8   1.1197805590404303E-002
          13           9   4.4694539781463781E-002
          13          10  0.96031892765162308     
          13          11   4.4973240845717702E-002
          13          12   1.1224093575262490E-002
          14           1   4.5321486185073345E-003
          14           2  0.93423128414742984     
          14           3   8.6689498370391242E-003
          15           1   1.0123902243928970E-002
          15           2   5.1037326014125813E-002
          15           3   1.2936503767917414E-002
          15          14   1.6489743619245183     
          16           1   5.7793274301215320E-003
          16           2   9.5787460216546633E-003
          16           3   6.0303915126585887E-003
          16           4   4.2700076474579841E-003
          16           5   2.2176031262950160E-002
          16          14   1.2005779789011264     
          16          15  0.13137479827530976     
          17           2   1.4184495144042523E-002
          17          14   6.9419262143946602E-003
          17          15   6.4048880077648435E-003
          17          16   1.0832248252163212     
          18          14   1.1161965094407436E-002
          18          15   1.8707358820364915E-002
          18          16   2.7879593580637057E-002
          18          17   1.3524168466884310     
          19          16   1.3839807229143342E-002
          19          17   4.4919293598505820E-003
          19          18   1.4544797654321482     
          20          14   5.9257631518097624E-003
          20          15   8.1791534460444720E-003
          20          16   1.5219569719250748E-002
          20          17   8.3607979819830022E-002
          20          18   4.8337872349784265E-003
          20          19   1.3220211777441981     
          21          16   1.3691600182149296E-002
          21          17   4.0508557586680432E-003
          21          18   9.2014016924633013E-002
          21          19   2.3734858213915861E-003
          21          20   1.3367577163410000     
          22          14   1.8656084731064296E-002
          22          15   1.0585003185967258E-002
          22          16   2.6254532939299732E-002
          22          17   1.3430071835260449     
          22          18   5.8346572832198079E-003
          22          19   9.3007864670667656E-002
          22          20   4.5446940842086263E-003
          22          21   1.4851309193079665     
          23          16   3.2686164576995642E-003
          23          17   5.1458488709729211E-003
          23          18   1.2095565046811944E-002
          23          19   1.5642314948077777E-002
          23          20   1.1006616025583018     
          23          21   1.7661965188933215E-002
          23          22   1.2791694568532580E-002
          24          15   2.6405682816266862E-003
          24          16   5.2278772469303968E-003
          24          17   1.8574137982402792E-002
          24          18   3.9852487333277963E-003
          24          19   5.1177379690228182E-002
          24          20   5.2268141954036000E-002
          24          21   5.3354543989281585E-002
          24          22   4.3503823384655523E-003
          24          23   2.6650535649105240     
          25          17   1.0691825713104760E-002
          25          18   6.7203298957817341E-003
          25          19  0.95739666888658748     
          25          20   6.4085076637267861E-003
          25          21   9.6590539163132535E-003
          25          23   2.0834961084413026E-003
          26          18   8.3760893871030005E-003
          26          19   1.8044817618309287E-002
          26          20   3.8212987956263910E-003
          26          25  0.89487676664359828     
          27          18   8.7082838737700865E-003
          27          19   1.8102740908574562E-002
          27          20   5.2305830838713851E-003
          27          22   2.5610523521449931E-003
          27          25  0.88823210184752344     
          27          26   3.2684197995793647E-002
          28          18   2.8143996807987810E-003
          28          19   1.7179228134926214E-002
          28          20   6.7442533558832035E-003
          28          25  0.89830358519084097     
          28          26   3.2264973463751713E-002
          28          27   3.2347616921155849E-002
          29           1   1.4269509012709184E-002
          29           2  0.98185754187678076     
          29           3   2.3790799005862420E-002
          29           4   1.0569386371227911E-002
          29           6   4.7397236631514699E-003
          29          14   1.4321931049842800E-002
          29          15   2.1162382524288530E-002
          29          16   6.5797031698283069E-003
          30           1  0.97286764028517425     
          30           5   1.7188664101669214E-002
          30          29   9.6535689449510336E-003
          31           1  0.97645239735104894     
          31          14   8.3030916418938630E-003
          31          29   5.8090078769592289E-003
          32           1  0.97960803418777753     
          32           3   9.4482037435283574E-003
          33           3  0.95718327276297155     
          33           4   6.1003336672901930E-003
          33           6   3.4230127790572419E-003
          33           7   4.8591690827119588E-003
          33          14   7.4749648752593760E-003
          34           1   7.3063633622515471E-003
          34           3  0.95768041883975985     
          34           4   2.0493604313324043E-003
          34           5   7.0925067682321343E-003
          34          29   9.3559446240981392E-003
          35           5   7.1184068693935900E-003
          35           8  0.96690860752985142     
          35          10   1.0528744282606309E-002
          35          12   9.6308675884583146E-003
          36           7   1.0389993722665150E-002
          36           9  0.96884665493013633     
          36          11   9.1331552311204236E-003
          36          13   3.5920641802213746E-003
          37           7   1.0099939871189853E-002
          37           9   9.1720523557121889E-003
          37          11  0.96939347912344309     
          37          13   3.6457665805956592E-003
          38           8   1.0112805593513798E-002
          38          10   1.0240965361138018E-002
          38          12  0.96620889308907354     
          38          15   2.3382395123381305E-003
          39           5   5.8548610684799565E-002
          39          15   1.0213419715126702E-002
          39          16  0.90804465967994730     
          39          18   7.7889090203944761E-003
          40          15   3.2746274890670023E-002
          40          18  0.95741604983917028     
          40          20   9.5321697884337055E-003
          40          22   9.7056229348185859E-003
          40          28   1.5772753663815094E-002
          41          17   1.0832176072015257E-002
          41          19   9.2823539799633779E-003
          41          21  0.96965208313712192     
          42          18   8.8616505769389970E-003
          42          20   1.0635679270383121E-002
          42          22  0.96785687269315002     
          43           1   5.0070327631323705E-003
          43          15   5.6565308252133427E-002
          43          29  0.95679862405191796     
